# Created by COMSOL Multiphysics.

# Major & minor version
0 1 
1 # number of tags
# Tags
5 mesh1 
1 # number of types
# Types
3 obj 

# --------- Object 0 ----------

0 0 1 
4 Mesh # class
4 # version
2 # sdim
205 # number of mesh vertices
0 # lowest mesh vertex index

# Mesh vertex coordinates
0 0 
0 0.24999999999999994 
0.24999999999999356 0 
0 0.49999999999999989 
0.24999999999999822 0.25 
0.49999999999999378 0 
0 0.74999999999999978 
0.25 0.49999999999999994 
0.49999999999999822 0.25 
0.749999999999994 0 
0 1 
0.25 0.75 
0.5 0.5 
0.74999999999999822 0.25 
0.99999999999999423 0 
0.25 1 
0.5 0.75 
0.75 0.5 
0.99999999999999734 0.25 
1.2499999999999944 0 
0.5 1 
0.75 0.75 
0.99999999999999911 0.5 
1.2499999999999969 0.25 
1.4999999999999947 0 
0.75000000000000011 1 
1 0.75 
1.2499999999999991 0.5 
1.499999999999996 0.25 
1.7499999999999949 0 
1.0000000000000002 1 
1.25 0.75 
1.4999999999999982 0.5 
1.7499999999999956 0.25 
1.9999999999999951 0 
1.2500000000000002 1 
1.5 0.75 
1.7499999999999978 0.5 
1.9999999999999956 0.25 
2.2499999999999956 0 
1.5000000000000002 1 
1.75 0.75 
1.9999999999999973 0.5 
2.2499999999999964 0.25 
2.4999999999999956 0 
1.7500000000000002 1 
1.9999999999999996 0.75 
2.2499999999999982 0.5 
2.4999999999999969 0.25 
2.7499999999999956 0 
2 1 
2.2499999999999996 0.75 
2.4999999999999987 0.5 
2.7499999999999969 0.25 
2.999999999999996 0 
2.25 1 
2.4999999999999996 0.75 
2.7499999999999987 0.5 
2.9999999999999973 0.25 
3.2499999999999964 0 
2.5 1 
2.7499999999999996 0.75 
2.9999999999999987 0.5 
3.2499999999999973 0.25 
3.4999999999999964 0 
2.75 1 
2.9999999999999996 0.75 
3.2499999999999987 0.5 
3.4999999999999973 0.25 
3.7499999999999964 0 
3.0000000000000004 1 
3.25 0.75 
3.4999999999999987 0.5 
3.7499999999999973 0.25 
3.9999999999999969 0 
3.2500000000000009 1 
3.5 0.75 
3.7499999999999991 0.5 
3.9999999999999982 0.25 
4.2499999999999973 0 
3.5000000000000009 1 
3.75 0.75 
3.9999999999999991 0.5 
4.2499999999999982 0.25 
4.4999999999999973 0 
3.7500000000000009 1 
4 0.75 
4.2499999999999991 0.5 
4.4999999999999982 0.25 
4.7499999999999973 0 
4.0000000000000018 1 
4.2500000000000009 0.75 
4.5 0.5 
4.7499999999999982 0.25 
4.9999999999999982 0 
4.2500000000000018 1 
4.5000000000000009 0.75 
4.75 0.5 
4.9999999999999991 0.25 
5.2499999999999982 0 
4.5000000000000018 1 
4.7500000000000009 0.75 
5 0.5 
5.2499999999999991 0.25 
5.4999999999999982 0 
4.7500000000000018 1 
5.0000000000000009 0.75 
5.25 0.5 
5.4999999999999991 0.25 
5.7499999999999982 0 
5.0000000000000018 1 
5.2500000000000009 0.75 
5.5 0.5 
5.7499999999999991 0.25 
5.9999999999999982 0 
5.2500000000000027 1 
5.5000000000000018 0.75 
5.7500000000000009 0.5 
6 0.25 
6.2499999999999991 0 
5.5000000000000027 1 
5.7500000000000018 0.75 
6.0000000000000009 0.5 
6.25 0.25 
6.4999999999999991 0 
5.7500000000000027 1 
6.0000000000000018 0.75 
6.2500000000000009 0.5 
6.5 0.25 
6.7499999999999991 0 
6.0000000000000036 1 
6.2500000000000018 0.75 
6.5000000000000009 0.5 
6.75 0.25 
7 0 
6.2500000000000036 1 
6.5000000000000018 0.75 
6.7500000000000009 0.5 
7 0.25 
7.25 0 
6.5000000000000036 1 
6.7500000000000027 0.75 
7.0000000000000018 0.5 
7.25 0.25 
7.5 0 
6.7500000000000036 1 
7.0000000000000027 0.75 
7.2500000000000018 0.5 
7.5 0.25 
7.75 0 
7.0000000000000036 1 
7.2500000000000027 0.75 
7.5000000000000009 0.5 
7.75 0.25 
8 0 
7.2500000000000044 1 
7.5000000000000018 0.75 
7.7500000000000009 0.5 
8 0.25 
8.25 0 
7.5000000000000044 1 
7.7500000000000027 0.75 
8 0.5 
8.25 0.25 
8.5 0 
7.7500000000000044 1 
8.0000000000000036 0.75 
8.25 0.5 
8.5 0.25 
8.75 0 
8.0000000000000053 1 
8.2500000000000036 0.75 
8.5 0.5 
8.75 0.25 
9 0 
8.2500000000000053 1 
8.5000000000000018 0.75 
8.75 0.5 
9 0.25 
9.25 0 
8.5000000000000053 1 
8.7500000000000018 0.75 
9 0.5 
9.25 0.25 
9.5 0 
8.7500000000000053 1 
9.0000000000000036 0.75 
9.25 0.5 
9.5 0.25 
9.75 0 
9.0000000000000053 1 
9.2500000000000036 0.75 
9.5 0.5 
9.75 0.25000000000000011 
10 0 
9.2500000000000053 1 
9.5000000000000036 0.75 
9.75 0.50000000000000011 
10 0.25000000000000033 
9.5000000000000071 1 
9.7500000000000018 0.75 
10 0.50000000000000022 
9.7500000000000071 1 
10 0.75000000000000011 
10 1 

3 # number of element types

# Type #0

3 vtx # type name


1 # number of vertices per element
4 # number of elements
# Elements
0 
10 
194 
204 

4 # number of geometric entity indices
# Geometric entity indices
0 
1 
2 
3 

# Type #1

3 edg # type name


2 # number of vertices per element
88 # number of elements
# Elements
0 1 
2 0 
1 3 
5 2 
3 6 
9 5 
6 10 
14 9 
10 15 
19 14 
15 20 
24 19 
20 25 
29 24 
25 30 
34 29 
30 35 
39 34 
35 40 
44 39 
40 45 
49 44 
45 50 
54 49 
50 55 
59 54 
55 60 
64 59 
60 65 
69 64 
65 70 
74 69 
70 75 
79 74 
75 80 
84 79 
80 85 
89 84 
85 90 
94 89 
90 95 
99 94 
95 100 
104 99 
100 105 
109 104 
105 110 
114 109 
110 115 
119 114 
115 120 
124 119 
120 125 
129 124 
125 130 
134 129 
130 135 
139 134 
135 140 
144 139 
140 145 
149 144 
145 150 
154 149 
150 155 
159 154 
155 160 
164 159 
160 165 
169 164 
165 170 
174 169 
170 175 
179 174 
175 180 
184 179 
180 185 
189 184 
185 190 
194 189 
190 195 
198 194 
195 199 
201 198 
199 202 
203 201 
202 204 
204 203 

88 # number of geometric entity indices
# Geometric entity indices
0 
1 
0 
1 
0 
1 
0 
1 
2 
1 
2 
1 
2 
1 
2 
1 
2 
1 
2 
1 
2 
1 
2 
1 
2 
1 
2 
1 
2 
1 
2 
1 
2 
1 
2 
1 
2 
1 
2 
1 
2 
1 
2 
1 
2 
1 
2 
1 
2 
1 
2 
1 
2 
1 
2 
1 
2 
1 
2 
1 
2 
1 
2 
1 
2 
1 
2 
1 
2 
1 
2 
1 
2 
1 
2 
1 
2 
1 
2 
1 
2 
3 
2 
3 
2 
3 
2 
3 

# Type #2

4 quad # type name


4 # number of vertices per element
160 # number of elements
# Elements
0 2 1 4 
1 4 3 7 
2 5 4 8 
3 7 6 11 
4 8 7 12 
5 9 8 13 
6 11 10 15 
7 12 11 16 
8 13 12 17 
9 14 13 18 
11 16 15 20 
12 17 16 21 
13 18 17 22 
14 19 18 23 
16 21 20 25 
17 22 21 26 
18 23 22 27 
19 24 23 28 
21 26 25 30 
22 27 26 31 
23 28 27 32 
24 29 28 33 
26 31 30 35 
27 32 31 36 
28 33 32 37 
29 34 33 38 
31 36 35 40 
32 37 36 41 
33 38 37 42 
34 39 38 43 
36 41 40 45 
37 42 41 46 
38 43 42 47 
39 44 43 48 
41 46 45 50 
42 47 46 51 
43 48 47 52 
44 49 48 53 
46 51 50 55 
47 52 51 56 
48 53 52 57 
49 54 53 58 
51 56 55 60 
52 57 56 61 
53 58 57 62 
54 59 58 63 
56 61 60 65 
57 62 61 66 
58 63 62 67 
59 64 63 68 
61 66 65 70 
62 67 66 71 
63 68 67 72 
64 69 68 73 
66 71 70 75 
67 72 71 76 
68 73 72 77 
69 74 73 78 
71 76 75 80 
72 77 76 81 
73 78 77 82 
74 79 78 83 
76 81 80 85 
77 82 81 86 
78 83 82 87 
79 84 83 88 
81 86 85 90 
82 87 86 91 
83 88 87 92 
84 89 88 93 
86 91 90 95 
87 92 91 96 
88 93 92 97 
89 94 93 98 
91 96 95 100 
92 97 96 101 
93 98 97 102 
94 99 98 103 
96 101 100 105 
97 102 101 106 
98 103 102 107 
99 104 103 108 
101 106 105 110 
102 107 106 111 
103 108 107 112 
104 109 108 113 
106 111 110 115 
107 112 111 116 
108 113 112 117 
109 114 113 118 
111 116 115 120 
112 117 116 121 
113 118 117 122 
114 119 118 123 
116 121 120 125 
117 122 121 126 
118 123 122 127 
119 124 123 128 
121 126 125 130 
122 127 126 131 
123 128 127 132 
124 129 128 133 
126 131 130 135 
127 132 131 136 
128 133 132 137 
129 134 133 138 
131 136 135 140 
132 137 136 141 
133 138 137 142 
134 139 138 143 
136 141 140 145 
137 142 141 146 
138 143 142 147 
139 144 143 148 
141 146 145 150 
142 147 146 151 
143 148 147 152 
144 149 148 153 
146 151 150 155 
147 152 151 156 
148 153 152 157 
149 154 153 158 
151 156 155 160 
152 157 156 161 
153 158 157 162 
154 159 158 163 
156 161 160 165 
157 162 161 166 
158 163 162 167 
159 164 163 168 
161 166 165 170 
162 167 166 171 
163 168 167 172 
164 169 168 173 
166 171 170 175 
167 172 171 176 
168 173 172 177 
169 174 173 178 
171 176 175 180 
172 177 176 181 
173 178 177 182 
174 179 178 183 
176 181 180 185 
177 182 181 186 
178 183 182 187 
179 184 183 188 
181 186 185 190 
182 187 186 191 
183 188 187 192 
184 189 188 193 
186 191 190 195 
187 192 191 196 
188 193 192 197 
189 194 193 198 
191 196 195 199 
192 197 196 200 
193 198 197 201 
196 200 199 202 
197 201 200 203 
200 203 202 204 

160 # number of geometric entity indices
# Geometric entity indices
1 
1 
1 
1 
1 
1 
1 
1 
1 
1 
1 
1 
1 
1 
1 
1 
1 
1 
1 
1 
1 
1 
1 
1 
1 
1 
1 
1 
1 
1 
1 
1 
1 
1 
1 
1 
1 
1 
1 
1 
1 
1 
1 
1 
1 
1 
1 
1 
1 
1 
1 
1 
1 
1 
1 
1 
1 
1 
1 
1 
1 
1 
1 
1 
1 
1 
1 
1 
1 
1 
1 
1 
1 
1 
1 
1 
1 
1 
1 
1 
1 
1 
1 
1 
1 
1 
1 
1 
1 
1 
1 
1 
1 
1 
1 
1 
1 
1 
1 
1 
1 
1 
1 
1 
1 
1 
1 
1 
1 
1 
1 
1 
1 
1 
1 
1 
1 
1 
1 
1 
1 
1 
1 
1 
1 
1 
1 
1 
1 
1 
1 
1 
1 
1 
1 
1 
1 
1 
1 
1 
1 
1 
1 
1 
1 
1 
1 
1 
1 
1 
1 
1 
1 
1 
1 
1 
1 
1 
1 
1 
