# Created by COMSOL Multiphysics.

# Major & minor version
0 1 
1 # number of tags
# Tags
5 mesh1 
1 # number of types
# Types
3 obj 

# --------- Object 0 ----------

0 0 1 
4 Mesh # class
4 # version
2 # sdim
1111 # number of mesh vertices
0 # lowest mesh vertex index

# Mesh vertex coordinates
0 0 
0 0.099999999999999978 
0.099999999999877964 0 
0 0.19999999999999996 
0.099999999999941913 0.099999999999999922 
0.19999999999987916 0 
0 0.29999999999999993 
0.099999999999962341 0.19999999999999996 
0.19999999999991402 0.099999999999999978 
0.29999999999988036 0 
0 0.39999999999999991 
0.099999999999972111 0.29999999999999988 
0.19999999999993712 0.19999999999999996 
0.2999999999999039 0.099999999999999978 
0.39999999999988156 0 
0 0.49999999999999989 
0.099999999999976552 0.39999999999999986 
0.19999999999994955 0.29999999999999988 
0.29999999999992166 0.19999999999999996 
0.39999999999989821 0.099999999999999978 
0.49999999999988276 0 
0 0.59999999999999987 
0.099999999999980993 0.49999999999999989 
0.19999999999995843 0.39999999999999986 
0.29999999999993676 0.29999999999999988 
0.3999999999999142 0.19999999999999996 
0.49999999999989786 0.099999999999999978 
0.59999999999988396 0 
0 0.69999999999999984 
0.099999999999984546 0.59999999999999987 
0.19999999999996643 0.49999999999999983 
0.29999999999994564 0.39999999999999986 
0.39999999999992841 0.29999999999999988 
0.49999999999991118 0.19999999999999996 
0.5999999999998975 0.099999999999999978 
0.69999999999988516 0 
0 0.79999999999999982 
0.099999999999988098 0.69999999999999984 
0.19999999999997176 0.59999999999999987 
0.29999999999995541 0.49999999999999983 
0.39999999999993818 0.39999999999999986 
0.49999999999992273 0.29999999999999988 
0.59999999999990994 0.19999999999999996 
0.69999999999989804 0.099999999999999978 
0.79999999999988636 0 
0 0.8999999999999998 
0.099999999999992539 0.79999999999999982 
0.19999999999997975 0.69999999999999973 
0.29999999999996518 0.59999999999999987 
0.39999999999994884 0.49999999999999983 
0.49999999999993339 0.39999999999999986 
0.59999999999992149 0.29999999999999988 
0.69999999999990958 0.19999999999999996 
0.79999999999989768 0.099999999999999978 
0.89999999999988756 0 
0 1 
0.099999999999996092 0.8999999999999998 
0.19999999999998597 0.79999999999999982 
0.29999999999997318 0.69999999999999973 
0.39999999999996039 0.59999999999999987 
0.49999999999994582 0.49999999999999983 
0.59999999999993214 0.39999999999999986 
0.69999999999992113 0.29999999999999988 
0.79999999999991012 0.19999999999999996 
0.8999999999998991 0.099999999999999978 
0.99999999999988876 0 
0.10000000000000001 1 
0.19999999999999307 0.8999999999999998 
0.29999999999998206 0.79999999999999982 
0.39999999999996927 0.69999999999999973 
0.49999999999995648 0.59999999999999987 
0.59999999999994369 0.49999999999999989 
0.69999999999993179 0.39999999999999986 
0.79999999999992166 0.29999999999999988 
0.89999999999990976 0.19999999999999996 
0.99999999999990052 0.099999999999999978 
1.09999999999989 0 
0.20000000000000001 1 
0.29999999999999183 0.8999999999999998 
0.39999999999997993 0.79999999999999982 
0.49999999999996714 0.69999999999999984 
0.59999999999995435 0.59999999999999987 
0.69999999999994245 0.49999999999999989 
0.79999999999993143 0.39999999999999986 
0.8999999999999222 0.29999999999999988 
0.99999999999991118 0.19999999999999996 
1.0999999999999006 0.099999999999999978 
1.1999999999998912 0 
0.29999999999999999 1 
0.3999999999999897 0.8999999999999998 
0.49999999999997691 0.79999999999999982 
0.59999999999996589 0.69999999999999984 
0.69999999999995399 0.59999999999999987 
0.79999999999994387 0.49999999999999989 
0.89999999999993197 0.39999999999999991 
0.99999999999992184 0.29999999999999988 
1.0999999999999117 0.19999999999999996 
1.1999999999999016 0.099999999999999978 
1.2999999999998924 0 
0.39999999999999991 1 
0.49999999999998845 0.8999999999999998 
0.59999999999997655 0.79999999999999982 
0.69999999999996554 0.69999999999999984 
0.79999999999995541 0.59999999999999987 
0.8999999999999444 0.49999999999999989 
0.9999999999999325 0.39999999999999991 
1.0999999999999228 0.29999999999999988 
1.1999999999999127 0.19999999999999996 
1.2999999999999026 0.099999999999999978 
1.3999999999998936 0 
0.49999999999999989 1 
0.59999999999998721 0.8999999999999998 
0.69999999999997708 0.79999999999999982 
0.79999999999996607 0.69999999999999984 
0.89999999999995506 0.59999999999999987 
0.99999999999994493 0.49999999999999989 
1.0999999999999339 0.39999999999999991 
1.1999999999999234 0.29999999999999988 
1.2999999999999137 0.19999999999999996 
1.3999999999999035 0.099999999999999978 
1.4999999999998948 0 
0.59999999999999987 1 
0.69999999999998685 0.8999999999999998 
0.79999999999997762 0.79999999999999982 
0.8999999999999666 0.69999999999999984 
0.99999999999995559 0.59999999999999987 
1.0999999999999446 0.49999999999999989 
1.1999999999999345 0.39999999999999991 
1.2999999999999243 0.29999999999999988 
1.3999999999999146 0.19999999999999996 
1.499999999999905 0.099999999999999978 
1.5999999999998959 0 
0.69999999999999973 1 
0.79999999999998739 0.8999999999999998 
0.89999999999997815 0.79999999999999982 
0.99999999999996714 0.69999999999999984 
1.0999999999999552 0.59999999999999987 
1.1999999999999451 0.49999999999999989 
1.299999999999935 0.39999999999999991 
1.3999999999999253 0.29999999999999988 
1.4999999999999156 0.19999999999999996 
1.5999999999999064 0.099999999999999978 
1.6999999999998971 0 
0.79999999999999971 1 
0.89999999999998792 0.8999999999999998 
0.9999999999999778 0.79999999999999982 
1.0999999999999672 0.69999999999999984 
1.1999999999999558 0.59999999999999987 
1.2999999999999456 0.49999999999999989 
1.3999999999999364 0.39999999999999991 
1.4999999999999263 0.29999999999999988 
1.599999999999917 0.19999999999999996 
1.6999999999999078 0.099999999999999978 
1.7999999999998983 0 
0.89999999999999969 1 
0.99999999999998845 0.8999999999999998 
1.0999999999999774 0.79999999999999982 
1.1999999999999664 0.69999999999999984 
1.2999999999999563 0.59999999999999987 
1.3999999999999466 0.49999999999999989 
1.4999999999999374 0.39999999999999991 
1.5999999999999277 0.29999999999999988 
1.6999999999999185 0.19999999999999996 
1.7999999999999092 0.099999999999999978 
1.8999999999998995 0 
0.99999999999999967 1 
1.0999999999999885 0.8999999999999998 
1.1999999999999775 0.79999999999999982 
1.299999999999967 0.69999999999999984 
1.3999999999999577 0.59999999999999987 
1.4999999999999472 0.49999999999999989 
1.5999999999999375 0.39999999999999991 
1.6999999999999291 0.29999999999999988 
1.799999999999919 0.19999999999999996 
1.8999999999999102 0.099999999999999978 
1.9999999999999007 0 
1.0999999999999996 1 
1.1999999999999882 0.8999999999999998 
1.2999999999999781 0.79999999999999982 
1.399999999999967 0.69999999999999984 
1.4999999999999574 0.59999999999999987 
1.5999999999999481 0.49999999999999989 
1.6999999999999389 0.39999999999999991 
1.7999999999999297 0.29999999999999988 
1.89999999999992 0.19999999999999996 
1.9999999999999112 0.099999999999999978 
2.0999999999999019 0 
1.1999999999999995 1 
1.2999999999999887 0.8999999999999998 
1.3999999999999786 0.79999999999999982 
1.499999999999968 0.69999999999999984 
1.5999999999999579 0.59999999999999987 
1.6999999999999487 0.49999999999999989 
1.799999999999939 0.39999999999999991 
1.8999999999999302 0.29999999999999988 
1.999999999999921 0.19999999999999996 
2.0999999999999117 0.099999999999999978 
2.1999999999999034 0 
1.2999999999999994 1 
1.3999999999999888 0.8999999999999998 
1.4999999999999778 0.79999999999999982 
1.5999999999999686 0.69999999999999984 
1.6999999999999584 0.59999999999999987 
1.7999999999999492 0.49999999999999989 
1.8999999999999404 0.39999999999999991 
1.9999999999999312 0.29999999999999988 
2.0999999999999219 0.19999999999999996 
2.1999999999999127 0.099999999999999978 
2.2999999999999043 0 
1.3999999999999995 1 
1.4999999999999889 0.8999999999999998 
1.5999999999999783 0.79999999999999982 
1.6999999999999691 0.69999999999999984 
1.7999999999999594 0.59999999999999987 
1.8999999999999502 0.49999999999999989 
1.9999999999999414 0.39999999999999991 
2.0999999999999317 0.29999999999999988 
2.1999999999999229 0.19999999999999996 
2.2999999999999137 0.099999999999999978 
2.3999999999999053 0 
1.4999999999999996 1 
1.599999999999989 0.8999999999999998 
1.6999999999999793 0.79999999999999982 
1.7999999999999696 0.69999999999999984 
1.8999999999999604 0.59999999999999987 
1.9999999999999512 0.49999999999999989 
2.0999999999999415 0.39999999999999991 
2.1999999999999327 0.29999999999999988 
2.2999999999999239 0.19999999999999996 
2.3999999999999151 0.099999999999999978 
2.4999999999999067 0 
1.5999999999999996 1 
1.6999999999999895 0.8999999999999998 
1.7999999999999794 0.79999999999999982 
1.8999999999999702 0.69999999999999984 
1.9999999999999609 0.59999999999999987 
2.0999999999999517 0.49999999999999989 
2.1999999999999424 0.39999999999999991 
2.2999999999999337 0.29999999999999988 
2.3999999999999244 0.19999999999999996 
2.4999999999999161 0.099999999999999978 
2.5999999999999082 0 
1.6999999999999997 1 
1.7999999999999892 0.8999999999999998 
1.8999999999999799 0.79999999999999982 
1.9999999999999702 0.69999999999999984 
2.0999999999999615 0.59999999999999987 
2.1999999999999522 0.49999999999999989 
2.299999999999943 0.39999999999999991 
2.3999999999999342 0.29999999999999988 
2.4999999999999258 0.19999999999999996 
2.599999999999917 0.099999999999999978 
2.6999999999999091 0 
1.7999999999999998 1 
1.8999999999999897 0.8999999999999998 
1.99999999999998 0.79999999999999982 
2.0999999999999708 0.69999999999999984 
2.1999999999999611 0.59999999999999987 
2.2999999999999527 0.49999999999999989 
2.399999999999944 0.39999999999999991 
2.4999999999999352 0.29999999999999988 
2.5999999999999268 0.19999999999999996 
2.699999999999918 0.099999999999999978 
2.7999999999999101 0 
1.8999999999999999 1 
1.9999999999999902 0.8999999999999998 
2.0999999999999801 0.79999999999999982 
2.1999999999999709 0.69999999999999984 
2.2999999999999621 0.59999999999999987 
2.3999999999999537 0.49999999999999989 
2.4999999999999449 0.39999999999999991 
2.5999999999999361 0.29999999999999988 
2.6999999999999273 0.19999999999999996 
2.7999999999999194 0.099999999999999978 
2.8999999999999115 0 
2 1 
2.0999999999999903 0.8999999999999998 
2.1999999999999806 0.79999999999999982 
2.2999999999999714 0.69999999999999984 
2.3999999999999626 0.59999999999999987 
2.4999999999999543 0.49999999999999989 
2.5999999999999455 0.39999999999999991 
2.6999999999999367 0.29999999999999988 
2.7999999999999283 0.19999999999999996 
2.8999999999999209 0.099999999999999978 
2.999999999999913 0 
2.1000000000000001 1 
2.1999999999999904 0.8999999999999998 
2.2999999999999812 0.79999999999999982 
2.3999999999999724 0.69999999999999984 
2.4999999999999636 0.59999999999999987 
2.5999999999999548 0.49999999999999989 
2.699999999999946 0.39999999999999991 
2.7999999999999376 0.29999999999999988 
2.8999999999999293 0.19999999999999996 
2.9999999999999214 0.099999999999999978 
3.0999999999999139 0 
2.2000000000000002 1 
2.2999999999999905 0.8999999999999998 
2.3999999999999821 0.79999999999999982 
2.4999999999999725 0.69999999999999984 
2.5999999999999637 0.59999999999999987 
2.6999999999999549 0.49999999999999989 
2.7999999999999465 0.39999999999999991 
2.8999999999999386 0.29999999999999988 
2.9999999999999303 0.19999999999999996 
3.0999999999999224 0.099999999999999978 
3.1999999999999149 0 
2.3000000000000003 1 
2.399999999999991 0.8999999999999998 
2.4999999999999822 0.79999999999999982 
2.599999999999973 0.69999999999999984 
2.6999999999999642 0.59999999999999987 
2.7999999999999554 0.49999999999999989 
2.8999999999999471 0.39999999999999991 
2.9999999999999387 0.29999999999999988 
3.0999999999999313 0.19999999999999996 
3.1999999999999238 0.099999999999999978 
3.2999999999999163 0 
2.4000000000000004 1 
2.4999999999999911 0.8999999999999998 
2.5999999999999819 0.79999999999999982 
2.6999999999999735 0.69999999999999984 
2.7999999999999647 0.59999999999999987 
2.8999999999999564 0.49999999999999989 
2.999999999999948 0.39999999999999991 
3.0999999999999401 0.29999999999999988 
3.1999999999999327 0.19999999999999996 
3.2999999999999248 0.099999999999999978 
3.3999999999999178 0 
2.5000000000000004 1 
2.5999999999999912 0.8999999999999998 
2.699999999999982 0.79999999999999982 
2.7999999999999736 0.69999999999999984 
2.8999999999999648 0.59999999999999987 
2.9999999999999569 0.49999999999999989 
3.099999999999949 0.39999999999999991 
3.1999999999999411 0.29999999999999988 
3.2999999999999337 0.19999999999999996 
3.3999999999999257 0.099999999999999978 
3.4999999999999187 0 
2.6000000000000005 1 
2.6999999999999913 0.8999999999999998 
2.7999999999999825 0.79999999999999982 
2.8999999999999742 0.69999999999999984 
2.9999999999999658 0.59999999999999987 
3.0999999999999579 0.49999999999999989 
3.19999999999995 0.39999999999999991 
3.2999999999999421 0.29999999999999988 
3.3999999999999346 0.19999999999999996 
3.4999999999999272 0.099999999999999978 
3.5999999999999197 0 
2.7000000000000006 1 
2.7999999999999914 0.8999999999999998 
2.8999999999999826 0.79999999999999982 
2.9999999999999742 0.69999999999999984 
3.0999999999999668 0.59999999999999987 
3.1999999999999584 0.49999999999999989 
3.299999999999951 0.39999999999999991 
3.3999999999999431 0.29999999999999988 
3.4999999999999356 0.19999999999999996 
3.5999999999999281 0.099999999999999978 
3.6999999999999211 0 
2.8000000000000007 1 
2.8999999999999915 0.8999999999999998 
2.9999999999999831 0.79999999999999982 
3.0999999999999748 0.69999999999999984 
3.1999999999999669 0.59999999999999987 
3.2999999999999594 0.49999999999999989 
3.3999999999999511 0.39999999999999991 
3.4999999999999436 0.29999999999999988 
3.5999999999999366 0.19999999999999996 
3.6999999999999291 0.099999999999999978 
3.7999999999999226 0 
2.9000000000000008 1 
2.999999999999992 0.8999999999999998 
3.0999999999999837 0.79999999999999982 
3.1999999999999758 0.69999999999999984 
3.2999999999999674 0.59999999999999987 
3.3999999999999595 0.49999999999999989 
3.499999999999952 0.39999999999999991 
3.5999999999999446 0.29999999999999988 
3.6999999999999371 0.19999999999999996 
3.7999999999999305 0.099999999999999978 
3.8999999999999235 0 
3.0000000000000009 1 
3.0999999999999925 0.8999999999999998 
3.1999999999999833 0.79999999999999982 
3.2999999999999758 0.69999999999999984 
3.3999999999999679 0.59999999999999987 
3.49999999999996 0.49999999999999989 
3.5999999999999521 0.39999999999999991 
3.6999999999999451 0.29999999999999988 
3.7999999999999385 0.19999999999999996 
3.8999999999999311 0.099999999999999978 
3.9999999999999245 0 
3.100000000000001 1 
3.1999999999999926 0.8999999999999998 
3.2999999999999843 0.79999999999999982 
3.3999999999999759 0.69999999999999984 
3.499999999999968 0.59999999999999987 
3.5999999999999606 0.49999999999999989 
3.6999999999999531 0.39999999999999991 
3.7999999999999465 0.29999999999999988 
3.8999999999999391 0.19999999999999996 
3.9999999999999325 0.099999999999999978 
4.0999999999999259 0 
3.2000000000000011 1 
3.2999999999999927 0.8999999999999998 
3.3999999999999844 0.79999999999999982 
3.4999999999999765 0.69999999999999984 
3.5999999999999686 0.59999999999999987 
3.6999999999999615 0.49999999999999989 
3.7999999999999541 0.39999999999999991 
3.8999999999999471 0.29999999999999988 
3.9999999999999405 0.19999999999999996 
4.0999999999999339 0.099999999999999978 
4.1999999999999273 0 
3.3000000000000012 1 
3.3999999999999932 0.8999999999999998 
3.4999999999999845 0.79999999999999982 
3.599999999999977 0.69999999999999984 
3.6999999999999695 0.59999999999999987 
3.7999999999999621 0.49999999999999989 
3.8999999999999551 0.39999999999999991 
3.999999999999948 0.29999999999999988 
4.099999999999941 0.19999999999999996 
4.1999999999999345 0.099999999999999978 
4.2999999999999279 0 
3.4000000000000012 1 
3.4999999999999929 0.8999999999999998 
3.599999999999985 0.79999999999999982 
3.6999999999999775 0.69999999999999984 
3.7999999999999701 0.59999999999999987 
3.8999999999999626 0.49999999999999989 
3.9999999999999556 0.39999999999999991 
4.099999999999949 0.29999999999999988 
4.1999999999999424 0.19999999999999996 
4.2999999999999359 0.099999999999999978 
4.3999999999999293 0 
3.5000000000000013 1 
3.599999999999993 0.8999999999999998 
3.6999999999999851 0.79999999999999982 
3.7999999999999781 0.69999999999999984 
3.8999999999999706 0.59999999999999987 
3.9999999999999636 0.49999999999999989 
4.0999999999999561 0.39999999999999991 
4.1999999999999496 0.29999999999999988 
4.299999999999943 0.19999999999999996 
4.3999999999999364 0.099999999999999978 
4.4999999999999307 0 
3.6000000000000014 1 
3.6999999999999935 0.8999999999999998 
3.7999999999999861 0.79999999999999982 
3.8999999999999786 0.69999999999999984 
3.9999999999999707 0.59999999999999987 
4.0999999999999641 0.49999999999999989 
4.1999999999999575 0.39999999999999991 
4.2999999999999501 0.29999999999999988 
4.3999999999999435 0.19999999999999996 
4.4999999999999378 0.099999999999999978 
4.5999999999999321 0 
3.7000000000000015 1 
3.7999999999999936 0.8999999999999998 
3.8999999999999861 0.79999999999999982 
3.9999999999999787 0.69999999999999984 
4.0999999999999712 0.59999999999999987 
4.1999999999999647 0.49999999999999989 
4.2999999999999581 0.39999999999999991 
4.3999999999999515 0.29999999999999988 
4.4999999999999449 0.19999999999999996 
4.5999999999999392 0.099999999999999978 
4.6999999999999336 0 
3.8000000000000016 1 
3.8999999999999941 0.8999999999999998 
3.9999999999999867 0.79999999999999982 
4.0999999999999792 0.69999999999999984 
4.1999999999999718 0.59999999999999987 
4.2999999999999652 0.49999999999999989 
4.3999999999999586 0.39999999999999991 
4.499999999999952 0.29999999999999988 
4.5999999999999464 0.19999999999999996 
4.6999999999999398 0.099999999999999978 
4.7999999999999341 0 
3.9000000000000017 1 
3.9999999999999947 0.8999999999999998 
4.0999999999999872 0.79999999999999982 
4.1999999999999797 0.69999999999999984 
4.2999999999999723 0.59999999999999987 
4.3999999999999657 0.49999999999999989 
4.4999999999999591 0.39999999999999991 
4.5999999999999535 0.29999999999999988 
4.6999999999999469 0.19999999999999996 
4.7999999999999412 0.099999999999999978 
4.8999999999999355 0 
4.0000000000000018 1 
4.0999999999999943 0.8999999999999998 
4.1999999999999869 0.79999999999999982 
4.2999999999999803 0.69999999999999984 
4.3999999999999737 0.59999999999999987 
4.4999999999999662 0.49999999999999989 
4.5999999999999597 0.39999999999999991 
4.699999999999954 0.29999999999999988 
4.7999999999999483 0.19999999999999996 
4.8999999999999417 0.099999999999999978 
4.9999999999999369 0 
4.1000000000000023 1 
4.1999999999999948 0.8999999999999998 
4.2999999999999874 0.79999999999999982 
4.3999999999999808 0.69999999999999984 
4.4999999999999734 0.59999999999999987 
4.5999999999999668 0.49999999999999989 
4.6999999999999611 0.39999999999999991 
4.7999999999999545 0.29999999999999988 
4.8999999999999488 0.19999999999999996 
4.9999999999999432 0.099999999999999978 
5.0999999999999375 0 
4.200000000000002 1 
4.2999999999999945 0.8999999999999998 
4.3999999999999879 0.79999999999999982 
4.4999999999999805 0.69999999999999984 
4.5999999999999739 0.59999999999999987 
4.6999999999999673 0.49999999999999989 
4.7999999999999616 0.39999999999999991 
4.8999999999999559 0.29999999999999988 
4.9999999999999494 0.19999999999999996 
5.0999999999999446 0.099999999999999978 
5.1999999999999389 0 
4.3000000000000025 1 
4.399999999999995 0.8999999999999998 
4.4999999999999885 0.79999999999999982 
4.599999999999981 0.69999999999999984 
4.6999999999999744 0.59999999999999987 
4.7999999999999687 0.49999999999999989 
4.8999999999999622 0.39999999999999991 
4.9999999999999565 0.29999999999999988 
5.0999999999999508 0.19999999999999996 
5.1999999999999451 0.099999999999999978 
5.2999999999999403 0 
4.4000000000000021 1 
4.4999999999999956 0.8999999999999998 
4.5999999999999881 0.79999999999999982 
4.6999999999999815 0.69999999999999984 
4.799999999999975 0.59999999999999987 
4.8999999999999693 0.49999999999999994 
4.9999999999999627 0.39999999999999991 
5.099999999999957 0.29999999999999988 
5.1999999999999513 0.19999999999999996 
5.2999999999999465 0.099999999999999978 
5.3999999999999417 0 
4.5000000000000027 1 
4.5999999999999952 0.8999999999999998 
4.6999999999999886 0.79999999999999982 
4.7999999999999821 0.69999999999999984 
4.8999999999999755 0.59999999999999987 
4.9999999999999698 0.49999999999999994 
5.0999999999999632 0.39999999999999991 
5.1999999999999584 0.29999999999999988 
5.2999999999999527 0.19999999999999996 
5.399999999999948 0.099999999999999978 
5.4999999999999432 0 
4.6000000000000023 1 
4.6999999999999957 0.8999999999999998 
4.7999999999999892 0.79999999999999982 
4.8999999999999826 0.69999999999999984 
4.999999999999976 0.59999999999999987 
5.0999999999999703 0.49999999999999994 
5.1999999999999647 0.39999999999999991 
5.299999999999959 0.29999999999999988 
5.3999999999999542 0.19999999999999996 
5.4999999999999485 0.099999999999999978 
5.5999999999999437 0 
4.7000000000000028 1 
4.7999999999999954 0.8999999999999998 
4.8999999999999888 0.79999999999999982 
4.9999999999999822 0.69999999999999984 
5.0999999999999766 0.59999999999999987 
5.1999999999999709 0.49999999999999994 
5.2999999999999652 0.39999999999999991 
5.3999999999999595 0.29999999999999988 
5.4999999999999547 0.19999999999999996 
5.5999999999999499 0.099999999999999978 
5.6999999999999451 0 
4.8000000000000025 1 
4.8999999999999959 0.8999999999999998 
4.9999999999999893 0.79999999999999982 
5.0999999999999828 0.69999999999999984 
5.1999999999999771 0.59999999999999987 
5.2999999999999714 0.49999999999999994 
5.3999999999999657 0.39999999999999991 
5.4999999999999609 0.29999999999999988 
5.5999999999999552 0.19999999999999996 
5.6999999999999513 0.099999999999999978 
5.7999999999999465 0 
4.900000000000003 1 
4.9999999999999956 0.8999999999999998 
5.0999999999999899 0.79999999999999982 
5.1999999999999833 0.69999999999999984 
5.2999999999999776 0.59999999999999987 
5.3999999999999719 0.49999999999999994 
5.4999999999999662 0.39999999999999991 
5.5999999999999615 0.29999999999999988 
5.6999999999999567 0.19999999999999996 
5.7999999999999519 0.099999999999999978 
5.8999999999999471 0 
5.0000000000000018 1 
5.0999999999999961 0.8999999999999998 
5.1999999999999895 0.79999999999999982 
5.2999999999999838 0.69999999999999984 
5.3999999999999782 0.59999999999999987 
5.4999999999999725 0.49999999999999994 
5.5999999999999677 0.39999999999999991 
5.699999999999962 0.29999999999999988 
5.7999999999999572 0.19999999999999996 
5.8999999999999533 0.099999999999999978 
5.9999999999999485 0 
5.1000000000000023 1 
5.1999999999999957 0.8999999999999998 
5.2999999999999901 0.79999999999999982 
5.3999999999999844 0.69999999999999984 
5.4999999999999787 0.59999999999999987 
5.599999999999973 0.49999999999999994 
5.6999999999999682 0.39999999999999991 
5.7999999999999634 0.29999999999999988 
5.8999999999999586 0.19999999999999996 
5.9999999999999538 0.099999999999999978 
6.0999999999999499 0 
5.2000000000000028 1 
5.2999999999999963 0.8999999999999998 
5.3999999999999906 0.79999999999999982 
5.4999999999999849 0.69999999999999984 
5.5999999999999792 0.59999999999999987 
5.6999999999999735 0.49999999999999994 
5.7999999999999687 0.39999999999999991 
5.8999999999999639 0.29999999999999988 
5.9999999999999591 0.19999999999999996 
6.0999999999999552 0.099999999999999978 
6.1999999999999513 0 
5.3000000000000025 1 
5.3999999999999959 0.8999999999999998 
5.4999999999999902 0.79999999999999982 
5.5999999999999845 0.69999999999999996 
5.6999999999999797 0.59999999999999998 
5.7999999999999741 0.49999999999999994 
5.8999999999999693 0.39999999999999991 
5.9999999999999645 0.29999999999999988 
6.0999999999999606 0.19999999999999996 
6.1999999999999567 0.099999999999999978 
6.2999999999999527 0 
5.4000000000000021 1 
5.4999999999999964 0.8999999999999998 
5.5999999999999908 0.79999999999999982 
5.6999999999999851 0.69999999999999996 
5.7999999999999803 0.59999999999999998 
5.8999999999999755 0.5 
5.9999999999999698 0.39999999999999991 
6.0999999999999659 0.29999999999999988 
6.199999999999962 0.19999999999999996 
6.2999999999999581 0.099999999999999978 
6.3999999999999533 0 
5.5000000000000027 1 
5.599999999999997 0.8999999999999998 
5.6999999999999913 0.79999999999999982 
5.7999999999999856 0.69999999999999996 
5.8999999999999808 0.59999999999999998 
5.999999999999976 0.5 
6.0999999999999712 0.39999999999999991 
6.1999999999999664 0.29999999999999988 
6.2999999999999625 0.19999999999999996 
6.3999999999999586 0.099999999999999978 
6.4999999999999547 0 
5.6000000000000032 1 
5.6999999999999966 0.8999999999999998 
5.7999999999999909 0.79999999999999993 
5.8999999999999861 0.69999999999999996 
5.9999999999999813 0.60000000000000009 
6.0999999999999766 0.5 
6.1999999999999718 0.39999999999999991 
6.2999999999999678 0.29999999999999988 
6.3999999999999639 0.19999999999999996 
6.4999999999999591 0.099999999999999978 
6.5999999999999561 0 
5.7000000000000028 1 
5.7999999999999972 0.89999999999999991 
5.8999999999999915 0.79999999999999993 
5.9999999999999867 0.69999999999999996 
6.0999999999999819 0.60000000000000009 
6.1999999999999771 0.5 
6.2999999999999723 0.39999999999999991 
6.3999999999999684 0.29999999999999988 
6.4999999999999645 0.19999999999999996 
6.5999999999999606 0.099999999999999978 
6.6999999999999567 0 
5.8000000000000025 1 
5.8999999999999968 0.89999999999999991 
5.999999999999992 0.79999999999999993 
6.0999999999999872 0.70000000000000007 
6.1999999999999824 0.60000000000000009 
6.2999999999999776 0.5 
6.3999999999999737 0.39999999999999991 
6.4999999999999698 0.29999999999999988 
6.5999999999999659 0.19999999999999996 
6.699999999999962 0.099999999999999978 
6.7999999999999581 0 
5.900000000000003 1 
5.9999999999999973 0.89999999999999991 
6.0999999999999925 0.80000000000000004 
6.1999999999999877 0.70000000000000007 
6.2999999999999829 0.60000000000000009 
6.399999999999979 0.5 
6.4999999999999742 0.39999999999999991 
6.5999999999999703 0.29999999999999988 
6.6999999999999664 0.19999999999999996 
6.7999999999999634 0.099999999999999978 
6.8999999999999595 0 
6.0000000000000036 1 
6.0999999999999979 0.89999999999999991 
6.1999999999999922 0.80000000000000004 
6.2999999999999883 0.70000000000000007 
6.3999999999999835 0.60000000000000009 
6.4999999999999787 0.5 
6.5999999999999748 0.39999999999999991 
6.6999999999999709 0.29999999999999993 
6.7999999999999678 0.19999999999999996 
6.8999999999999639 0.099999999999999978 
6.9999999999999609 0 
6.1000000000000032 1 
6.1999999999999975 0.89999999999999991 
6.2999999999999927 0.80000000000000004 
6.3999999999999888 0.70000000000000007 
6.499999999999984 0.60000000000000009 
6.5999999999999801 0.5 
6.6999999999999762 0.39999999999999997 
6.7999999999999723 0.29999999999999993 
6.8999999999999693 0.19999999999999996 
6.9999999999999654 0.099999999999999978 
7.0999999999999623 0 
6.2000000000000028 1 
6.2999999999999989 0.89999999999999991 
6.3999999999999932 0.80000000000000004 
6.4999999999999893 0.70000000000000007 
6.5999999999999854 0.60000000000000009 
6.6999999999999797 0.5 
6.7999999999999758 0.39999999999999997 
6.8999999999999737 0.29999999999999993 
6.9999999999999698 0.19999999999999996 
7.0999999999999659 0.099999999999999978 
7.1999999999999629 0 
6.3000000000000034 1 
6.3999999999999986 0.90000000000000002 
6.4999999999999947 0.80000000000000004 
6.599999999999989 0.70000000000000007 
6.6999999999999851 0.60000000000000009 
6.7999999999999812 0.5 
6.8999999999999773 0.40000000000000002 
6.9999999999999742 0.29999999999999993 
7.0999999999999703 0.19999999999999996 
7.1999999999999673 0.099999999999999978 
7.2999999999999643 0 
6.4000000000000039 1 
6.4999999999999982 0.90000000000000013 
6.5999999999999943 0.80000000000000004 
6.6999999999999904 0.70000000000000007 
6.7999999999999847 0.60000000000000009 
6.8999999999999808 0.50000000000000011 
6.9999999999999787 0.40000000000000002 
7.0999999999999748 0.29999999999999993 
7.1999999999999709 0.19999999999999996 
7.2999999999999687 0.099999999999999978 
7.3999999999999657 0 
6.5000000000000036 1 
6.5999999999999996 0.90000000000000013 
6.699999999999994 0.80000000000000004 
6.7999999999999901 0.70000000000000007 
6.8999999999999861 0.60000000000000009 
6.9999999999999822 0.50000000000000011 
7.0999999999999783 0.40000000000000002 
7.1999999999999744 0.29999999999999993 
7.2999999999999723 0.19999999999999996 
7.3999999999999702 0.099999999999999978 
7.4999999999999662 0 
6.6000000000000032 1 
6.6999999999999993 0.90000000000000013 
6.7999999999999954 0.80000000000000004 
6.8999999999999897 0.70000000000000007 
6.9999999999999858 0.60000000000000009 
7.0999999999999828 0.50000000000000011 
7.1999999999999789 0.40000000000000002 
7.2999999999999758 0.29999999999999993 
7.3999999999999737 0.19999999999999996 
7.4999999999999707 0.099999999999999978 
7.5999999999999677 0 
6.7000000000000037 1 
6.7999999999999989 0.90000000000000013 
6.899999999999995 0.80000000000000004 
6.9999999999999911 0.70000000000000007 
7.0999999999999872 0.60000000000000009 
7.1999999999999833 0.50000000000000011 
7.2999999999999794 0.40000000000000002 
7.3999999999999773 0.29999999999999993 
7.4999999999999751 0.19999999999999996 
7.5999999999999712 0.099999999999999978 
7.6999999999999691 0 
6.8000000000000043 1 
6.8999999999999995 0.90000000000000002 
6.9999999999999947 0.80000000000000004 
7.0999999999999908 0.70000000000000007 
7.1999999999999869 0.60000000000000009 
7.2999999999999838 0.50000000000000011 
7.3999999999999808 0.40000000000000002 
7.4999999999999778 0.29999999999999993 
7.5999999999999757 0.19999999999999996 
7.6999999999999726 0.099999999999999978 
7.7999999999999705 0 
6.9000000000000039 1 
7 0.90000000000000013 
7.0999999999999952 0.80000000000000004 
7.1999999999999922 0.70000000000000007 
7.2999999999999883 0.60000000000000009 
7.3999999999999844 0.50000000000000011 
7.4999999999999822 0.40000000000000002 
7.5999999999999792 0.29999999999999993 
7.6999999999999762 0.19999999999999996 
7.7999999999999741 0.099999999999999978 
7.8999999999999719 0 
7.0000000000000036 1 
7.0999999999999996 0.90000000000000002 
7.1999999999999957 0.80000000000000004 
7.2999999999999918 0.70000000000000007 
7.3999999999999879 0.60000000000000009 
7.4999999999999858 0.50000000000000011 
7.5999999999999828 0.40000000000000002 
7.6999999999999797 0.29999999999999993 
7.7999999999999776 0.20000000000000001 
7.8999999999999746 0.099999999999999978 
7.9999999999999725 0 
7.1000000000000041 1 
7.2000000000000002 0.90000000000000002 
7.2999999999999954 0.80000000000000004 
7.3999999999999924 0.70000000000000007 
7.4999999999999893 0.60000000000000009 
7.5999999999999854 0.50000000000000011 
7.6999999999999833 0.40000000000000002 
7.7999999999999812 0.29999999999999993 
7.8999999999999782 0.20000000000000001 
7.9999999999999751 0.099999999999999978 
8.099999999999973 0 
7.2000000000000046 1 
7.3000000000000007 0.90000000000000013 
7.3999999999999959 0.80000000000000004 
7.499999999999992 0.70000000000000007 
7.5999999999999899 0.60000000000000009 
7.6999999999999869 0.50000000000000011 
7.7999999999999847 0.40000000000000002 
7.8999999999999808 0.30000000000000004 
7.9999999999999787 0.20000000000000007 
8.0999999999999766 0.099999999999999978 
8.1999999999999744 0 
7.3000000000000043 1 
7.4000000000000004 0.90000000000000002 
7.4999999999999964 0.80000000000000004 
7.5999999999999925 0.70000000000000007 
7.6999999999999904 0.60000000000000009 
7.7999999999999865 0.50000000000000011 
7.8999999999999844 0.40000000000000002 
7.9999999999999822 0.30000000000000016 
8.0999999999999801 0.20000000000000012 
8.199999999999978 0.099999999999999978 
8.2999999999999758 0 
7.4000000000000039 1 
7.5 0.90000000000000013 
7.599999999999997 0.80000000000000004 
7.699999999999994 0.70000000000000007 
7.7999999999999909 0.60000000000000009 
7.8999999999999879 0.50000000000000011 
7.9999999999999858 0.40000000000000013 
8.0999999999999837 0.30000000000000027 
8.1999999999999815 0.20000000000000012 
8.2999999999999794 0.099999999999999978 
8.3999999999999773 0 
7.5000000000000044 1 
7.6000000000000005 0.90000000000000013 
7.6999999999999975 0.80000000000000004 
7.7999999999999936 0.70000000000000007 
7.8999999999999915 0.60000000000000009 
7.9999999999999885 0.50000000000000011 
8.0999999999999854 0.40000000000000019 
8.1999999999999833 0.30000000000000027 
8.2999999999999829 0.20000000000000012 
8.3999999999999808 0.099999999999999978 
8.4999999999999787 0 
7.600000000000005 1 
7.7000000000000011 0.90000000000000002 
7.7999999999999972 0.80000000000000004 
7.899999999999995 0.70000000000000007 
7.9999999999999911 0.60000000000000009 
8.099999999999989 0.50000000000000011 
8.1999999999999869 0.40000000000000019 
8.2999999999999847 0.30000000000000027 
8.3999999999999844 0.20000000000000012 
8.4999999999999822 0.099999999999999978 
8.5999999999999801 0 
7.7000000000000046 1 
7.8000000000000007 0.90000000000000013 
7.8999999999999977 0.80000000000000004 
7.9999999999999947 0.70000000000000007 
8.0999999999999925 0.60000000000000009 
8.1999999999999904 0.50000000000000011 
8.2999999999999883 0.40000000000000019 
8.3999999999999861 0.30000000000000021 
8.4999999999999858 0.20000000000000012 
8.5999999999999837 0.099999999999999978 
8.6999999999999815 0 
7.8000000000000043 1 
7.9000000000000021 0.90000000000000013 
7.9999999999999982 0.80000000000000004 
8.0999999999999961 0.70000000000000007 
8.1999999999999922 0.60000000000000009 
8.2999999999999918 0.50000000000000011 
8.3999999999999897 0.40000000000000019 
8.4999999999999876 0.30000000000000021 
8.5999999999999872 0.20000000000000012 
8.6999999999999851 0.099999999999999978 
8.7999999999999829 0 
7.9000000000000048 1 
8.0000000000000018 0.90000000000000013 
8.0999999999999979 0.80000000000000004 
8.1999999999999957 0.70000000000000007 
8.2999999999999936 0.60000000000000009 
8.3999999999999932 0.50000000000000011 
8.4999999999999911 0.40000000000000019 
8.599999999999989 0.30000000000000021 
8.6999999999999869 0.20000000000000012 
8.7999999999999865 0.099999999999999978 
8.8999999999999844 0 
8.0000000000000053 1 
8.1000000000000014 0.90000000000000013 
8.1999999999999993 0.80000000000000004 
8.2999999999999972 0.70000000000000007 
8.399999999999995 0.60000000000000009 
8.4999999999999929 0.50000000000000011 
8.5999999999999908 0.40000000000000019 
8.6999999999999904 0.30000000000000021 
8.7999999999999901 0.20000000000000012 
8.8999999999999879 0.099999999999999978 
8.9999999999999858 0 
8.100000000000005 1 
8.2000000000000011 0.90000000000000013 
8.2999999999999989 0.80000000000000004 
8.3999999999999968 0.70000000000000007 
8.4999999999999964 0.60000000000000009 
8.5999999999999943 0.50000000000000011 
8.6999999999999922 0.40000000000000019 
8.7999999999999918 0.30000000000000021 
8.8999999999999897 0.20000000000000012 
8.9999999999999893 0.099999999999999978 
9.0999999999999872 0 
8.2000000000000046 1 
8.3000000000000025 0.90000000000000013 
8.4000000000000004 0.80000000000000004 
8.4999999999999982 0.70000000000000007 
8.5999999999999961 0.60000000000000009 
8.699999999999994 0.50000000000000011 
8.7999999999999936 0.40000000000000019 
8.8999999999999932 0.30000000000000021 
8.9999999999999911 0.20000000000000007 
9.0999999999999908 0.099999999999999978 
9.1999999999999886 0 
8.3000000000000043 1 
8.4000000000000021 0.90000000000000013 
8.5000000000000018 0.80000000000000004 
8.5999999999999996 0.70000000000000007 
8.6999999999999975 0.60000000000000009 
8.7999999999999954 0.50000000000000011 
8.899999999999995 0.40000000000000019 
8.9999999999999929 0.30000000000000016 
9.0999999999999908 0.20000000000000007 
9.1999999999999904 0.099999999999999978 
9.2999999999999901 0 
8.4000000000000057 1 
8.5000000000000036 0.90000000000000002 
8.6000000000000014 0.80000000000000004 
8.6999999999999993 0.70000000000000007 
8.7999999999999972 0.60000000000000009 
8.8999999999999968 0.50000000000000011 
8.9999999999999964 0.40000000000000013 
9.0999999999999943 0.30000000000000016 
9.1999999999999922 0.20000000000000007 
9.2999999999999918 0.099999999999999978 
9.3999999999999915 0 
8.5000000000000053 1 
8.600000000000005 0.90000000000000013 
8.7000000000000011 0.80000000000000004 
8.8000000000000007 0.70000000000000007 
8.8999999999999986 0.60000000000000009 
8.9999999999999964 0.50000000000000011 
9.0999999999999961 0.40000000000000013 
9.199999999999994 0.3000000000000001 
9.2999999999999936 0.20000000000000007 
9.399999999999995 0.099999999999999978 
9.4999999999999929 0 
8.600000000000005 1 
8.7000000000000046 0.90000000000000013 
8.8000000000000025 0.80000000000000004 
8.9000000000000004 0.70000000000000007 
9 0.60000000000000009 
9.0999999999999979 0.50000000000000011 
9.1999999999999957 0.40000000000000008 
9.2999999999999954 0.3000000000000001 
9.399999999999995 0.20000000000000007 
9.4999999999999929 0.099999999999999978 
9.5999999999999943 0 
8.7000000000000064 1 
8.8000000000000043 0.90000000000000002 
8.9000000000000021 0.80000000000000004 
9 0.70000000000000007 
9.0999999999999996 0.60000000000000009 
9.1999999999999993 0.50000000000000011 
9.2999999999999972 0.40000000000000008 
9.3999999999999986 0.3000000000000001 
9.4999999999999964 0.20000000000000007 
9.5999999999999943 0.099999999999999978 
9.6999999999999957 0 
8.800000000000006 1 
8.9000000000000039 0.90000000000000002 
9.0000000000000036 0.80000000000000004 
9.1000000000000014 0.70000000000000007 
9.1999999999999993 0.60000000000000009 
9.2999999999999989 0.50000000000000011 
9.3999999999999986 0.40000000000000008 
9.4999999999999982 0.3000000000000001 
9.5999999999999979 0.20000000000000007 
9.6999999999999957 0.099999999999999978 
9.7999999999999972 0 
8.9000000000000057 1 
9.0000000000000036 0.90000000000000002 
9.1000000000000014 0.80000000000000004 
9.2000000000000028 0.70000000000000007 
9.3000000000000007 0.60000000000000009 
9.3999999999999986 0.50000000000000011 
9.5 0.40000000000000008 
9.5999999999999979 0.3000000000000001 
9.6999999999999975 0.20000000000000007 
9.7999999999999972 0.099999999999999978 
9.8999999999999986 0 
9.0000000000000053 1 
9.100000000000005 0.90000000000000002 
9.2000000000000028 0.80000000000000004 
9.3000000000000025 0.70000000000000007 
9.4000000000000021 0.60000000000000009 
9.5 0.50000000000000011 
9.5999999999999996 0.40000000000000008 
9.6999999999999993 0.3000000000000001 
9.7999999999999972 0.20000000000000007 
9.8999999999999986 0.10000000000000003 
10 0 
9.100000000000005 1 
9.2000000000000046 0.90000000000000013 
9.3000000000000043 0.80000000000000004 
9.4000000000000021 0.70000000000000007 
9.5 0.60000000000000009 
9.6000000000000014 0.50000000000000011 
9.6999999999999993 0.40000000000000008 
9.7999999999999989 0.3000000000000001 
9.8999999999999986 0.20000000000000012 
10 0.1000000000000002 
9.2000000000000064 1 
9.3000000000000043 0.90000000000000013 
9.4000000000000039 0.80000000000000004 
9.5000000000000036 0.70000000000000007 
9.6000000000000014 0.60000000000000009 
9.7000000000000011 0.50000000000000011 
9.8000000000000007 0.40000000000000008 
9.8999999999999986 0.30000000000000016 
10 0.20000000000000018 
9.300000000000006 1 
9.4000000000000057 0.90000000000000013 
9.5000000000000036 0.80000000000000004 
9.6000000000000032 0.70000000000000007 
9.7000000000000028 0.60000000000000009 
9.8000000000000007 0.50000000000000011 
9.9000000000000004 0.40000000000000008 
10 0.30000000000000016 
9.4000000000000057 1 
9.5000000000000071 0.90000000000000002 
9.600000000000005 0.80000000000000004 
9.7000000000000028 0.70000000000000007 
9.8000000000000007 0.60000000000000009 
9.9000000000000021 0.50000000000000011 
10 0.40000000000000013 
9.5000000000000071 1 
9.600000000000005 0.90000000000000002 
9.7000000000000046 0.80000000000000004 
9.8000000000000007 0.70000000000000007 
9.9000000000000021 0.60000000000000009 
10 0.50000000000000011 
9.6000000000000068 1 
9.7000000000000064 0.90000000000000002 
9.8000000000000025 0.80000000000000004 
9.9000000000000021 0.70000000000000007 
10 0.60000000000000009 
9.7000000000000064 1 
9.8000000000000043 0.90000000000000002 
9.9000000000000021 0.80000000000000004 
10 0.70000000000000007 
9.800000000000006 1 
9.9000000000000021 0.90000000000000002 
10 0.80000000000000004 
9.9000000000000057 1 
10 0.90000000000000002 
10 1 

3 # number of element types

# Type #0

3 vtx # type name


1 # number of vertices per element
4 # number of elements
# Elements
0 
55 
1055 
1110 

4 # number of geometric entity indices
# Geometric entity indices
0 
1 
2 
3 

# Type #1

3 edg # type name


2 # number of vertices per element
220 # number of elements
# Elements
0 1 
2 0 
1 3 
5 2 
3 6 
9 5 
6 10 
14 9 
10 15 
20 14 
15 21 
27 20 
21 28 
35 27 
28 36 
44 35 
36 45 
54 44 
45 55 
65 54 
55 66 
76 65 
66 77 
87 76 
77 88 
98 87 
88 99 
109 98 
99 110 
120 109 
110 121 
131 120 
121 132 
142 131 
132 143 
153 142 
143 154 
164 153 
154 165 
175 164 
165 176 
186 175 
176 187 
197 186 
187 198 
208 197 
198 209 
219 208 
209 220 
230 219 
220 231 
241 230 
231 242 
252 241 
242 253 
263 252 
253 264 
274 263 
264 275 
285 274 
275 286 
296 285 
286 297 
307 296 
297 308 
318 307 
308 319 
329 318 
319 330 
340 329 
330 341 
351 340 
341 352 
362 351 
352 363 
373 362 
363 374 
384 373 
374 385 
395 384 
385 396 
406 395 
396 407 
417 406 
407 418 
428 417 
418 429 
439 428 
429 440 
450 439 
440 451 
461 450 
451 462 
472 461 
462 473 
483 472 
473 484 
494 483 
484 495 
505 494 
495 506 
516 505 
506 517 
527 516 
517 528 
538 527 
528 539 
549 538 
539 550 
560 549 
550 561 
571 560 
561 572 
582 571 
572 583 
593 582 
583 594 
604 593 
594 605 
615 604 
605 616 
626 615 
616 627 
637 626 
627 638 
648 637 
638 649 
659 648 
649 660 
670 659 
660 671 
681 670 
671 682 
692 681 
682 693 
703 692 
693 704 
714 703 
704 715 
725 714 
715 726 
736 725 
726 737 
747 736 
737 748 
758 747 
748 759 
769 758 
759 770 
780 769 
770 781 
791 780 
781 792 
802 791 
792 803 
813 802 
803 814 
824 813 
814 825 
835 824 
825 836 
846 835 
836 847 
857 846 
847 858 
868 857 
858 869 
879 868 
869 880 
890 879 
880 891 
901 890 
891 902 
912 901 
902 913 
923 912 
913 924 
934 923 
924 935 
945 934 
935 946 
956 945 
946 957 
967 956 
957 968 
978 967 
968 979 
989 978 
979 990 
1000 989 
990 1001 
1011 1000 
1001 1012 
1022 1011 
1012 1023 
1033 1022 
1023 1034 
1044 1033 
1034 1045 
1055 1044 
1045 1056 
1065 1055 
1056 1066 
1074 1065 
1066 1075 
1082 1074 
1075 1083 
1089 1082 
1083 1090 
1095 1089 
1090 1096 
1100 1095 
1096 1101 
1104 1100 
1101 1105 
1107 1104 
1105 1108 
1109 1107 
1108 1110 
1110 1109 

220 # number of geometric entity indices
# Geometric entity indices
0 
1 
0 
1 
0 
1 
0 
1 
0 
1 
0 
1 
0 
1 
0 
1 
0 
1 
0 
1 
2 
1 
2 
1 
2 
1 
2 
1 
2 
1 
2 
1 
2 
1 
2 
1 
2 
1 
2 
1 
2 
1 
2 
1 
2 
1 
2 
1 
2 
1 
2 
1 
2 
1 
2 
1 
2 
1 
2 
1 
2 
1 
2 
1 
2 
1 
2 
1 
2 
1 
2 
1 
2 
1 
2 
1 
2 
1 
2 
1 
2 
1 
2 
1 
2 
1 
2 
1 
2 
1 
2 
1 
2 
1 
2 
1 
2 
1 
2 
1 
2 
1 
2 
1 
2 
1 
2 
1 
2 
1 
2 
1 
2 
1 
2 
1 
2 
1 
2 
1 
2 
1 
2 
1 
2 
1 
2 
1 
2 
1 
2 
1 
2 
1 
2 
1 
2 
1 
2 
1 
2 
1 
2 
1 
2 
1 
2 
1 
2 
1 
2 
1 
2 
1 
2 
1 
2 
1 
2 
1 
2 
1 
2 
1 
2 
1 
2 
1 
2 
1 
2 
1 
2 
1 
2 
1 
2 
1 
2 
1 
2 
1 
2 
1 
2 
1 
2 
1 
2 
1 
2 
1 
2 
1 
2 
1 
2 
1 
2 
1 
2 
3 
2 
3 
2 
3 
2 
3 
2 
3 
2 
3 
2 
3 
2 
3 
2 
3 
2 
3 

# Type #2

4 quad # type name


4 # number of vertices per element
1000 # number of elements
# Elements
0 2 1 4 
1 4 3 7 
2 5 4 8 
3 7 6 11 
4 8 7 12 
5 9 8 13 
6 11 10 16 
7 12 11 17 
8 13 12 18 
9 14 13 19 
10 16 15 22 
11 17 16 23 
12 18 17 24 
13 19 18 25 
14 20 19 26 
15 22 21 29 
16 23 22 30 
17 24 23 31 
18 25 24 32 
19 26 25 33 
20 27 26 34 
21 29 28 37 
22 30 29 38 
23 31 30 39 
24 32 31 40 
25 33 32 41 
26 34 33 42 
27 35 34 43 
28 37 36 46 
29 38 37 47 
30 39 38 48 
31 40 39 49 
32 41 40 50 
33 42 41 51 
34 43 42 52 
35 44 43 53 
36 46 45 56 
37 47 46 57 
38 48 47 58 
39 49 48 59 
40 50 49 60 
41 51 50 61 
42 52 51 62 
43 53 52 63 
44 54 53 64 
45 56 55 66 
46 57 56 67 
47 58 57 68 
48 59 58 69 
49 60 59 70 
50 61 60 71 
51 62 61 72 
52 63 62 73 
53 64 63 74 
54 65 64 75 
56 67 66 77 
57 68 67 78 
58 69 68 79 
59 70 69 80 
60 71 70 81 
61 72 71 82 
62 73 72 83 
63 74 73 84 
64 75 74 85 
65 76 75 86 
67 78 77 88 
68 79 78 89 
69 80 79 90 
70 81 80 91 
71 82 81 92 
72 83 82 93 
73 84 83 94 
74 85 84 95 
75 86 85 96 
76 87 86 97 
78 89 88 99 
79 90 89 100 
80 91 90 101 
81 92 91 102 
82 93 92 103 
83 94 93 104 
84 95 94 105 
85 96 95 106 
86 97 96 107 
87 98 97 108 
89 100 99 110 
90 101 100 111 
91 102 101 112 
92 103 102 113 
93 104 103 114 
94 105 104 115 
95 106 105 116 
96 107 106 117 
97 108 107 118 
98 109 108 119 
100 111 110 121 
101 112 111 122 
102 113 112 123 
103 114 113 124 
104 115 114 125 
105 116 115 126 
106 117 116 127 
107 118 117 128 
108 119 118 129 
109 120 119 130 
111 122 121 132 
112 123 122 133 
113 124 123 134 
114 125 124 135 
115 126 125 136 
116 127 126 137 
117 128 127 138 
118 129 128 139 
119 130 129 140 
120 131 130 141 
122 133 132 143 
123 134 133 144 
124 135 134 145 
125 136 135 146 
126 137 136 147 
127 138 137 148 
128 139 138 149 
129 140 139 150 
130 141 140 151 
131 142 141 152 
133 144 143 154 
134 145 144 155 
135 146 145 156 
136 147 146 157 
137 148 147 158 
138 149 148 159 
139 150 149 160 
140 151 150 161 
141 152 151 162 
142 153 152 163 
144 155 154 165 
145 156 155 166 
146 157 156 167 
147 158 157 168 
148 159 158 169 
149 160 159 170 
150 161 160 171 
151 162 161 172 
152 163 162 173 
153 164 163 174 
155 166 165 176 
156 167 166 177 
157 168 167 178 
158 169 168 179 
159 170 169 180 
160 171 170 181 
161 172 171 182 
162 173 172 183 
163 174 173 184 
164 175 174 185 
166 177 176 187 
167 178 177 188 
168 179 178 189 
169 180 179 190 
170 181 180 191 
171 182 181 192 
172 183 182 193 
173 184 183 194 
174 185 184 195 
175 186 185 196 
177 188 187 198 
178 189 188 199 
179 190 189 200 
180 191 190 201 
181 192 191 202 
182 193 192 203 
183 194 193 204 
184 195 194 205 
185 196 195 206 
186 197 196 207 
188 199 198 209 
189 200 199 210 
190 201 200 211 
191 202 201 212 
192 203 202 213 
193 204 203 214 
194 205 204 215 
195 206 205 216 
196 207 206 217 
197 208 207 218 
199 210 209 220 
200 211 210 221 
201 212 211 222 
202 213 212 223 
203 214 213 224 
204 215 214 225 
205 216 215 226 
206 217 216 227 
207 218 217 228 
208 219 218 229 
210 221 220 231 
211 222 221 232 
212 223 222 233 
213 224 223 234 
214 225 224 235 
215 226 225 236 
216 227 226 237 
217 228 227 238 
218 229 228 239 
219 230 229 240 
221 232 231 242 
222 233 232 243 
223 234 233 244 
224 235 234 245 
225 236 235 246 
226 237 236 247 
227 238 237 248 
228 239 238 249 
229 240 239 250 
230 241 240 251 
232 243 242 253 
233 244 243 254 
234 245 244 255 
235 246 245 256 
236 247 246 257 
237 248 247 258 
238 249 248 259 
239 250 249 260 
240 251 250 261 
241 252 251 262 
243 254 253 264 
244 255 254 265 
245 256 255 266 
246 257 256 267 
247 258 257 268 
248 259 258 269 
249 260 259 270 
250 261 260 271 
251 262 261 272 
252 263 262 273 
254 265 264 275 
255 266 265 276 
256 267 266 277 
257 268 267 278 
258 269 268 279 
259 270 269 280 
260 271 270 281 
261 272 271 282 
262 273 272 283 
263 274 273 284 
265 276 275 286 
266 277 276 287 
267 278 277 288 
268 279 278 289 
269 280 279 290 
270 281 280 291 
271 282 281 292 
272 283 282 293 
273 284 283 294 
274 285 284 295 
276 287 286 297 
277 288 287 298 
278 289 288 299 
279 290 289 300 
280 291 290 301 
281 292 291 302 
282 293 292 303 
283 294 293 304 
284 295 294 305 
285 296 295 306 
287 298 297 308 
288 299 298 309 
289 300 299 310 
290 301 300 311 
291 302 301 312 
292 303 302 313 
293 304 303 314 
294 305 304 315 
295 306 305 316 
296 307 306 317 
298 309 308 319 
299 310 309 320 
300 311 310 321 
301 312 311 322 
302 313 312 323 
303 314 313 324 
304 315 314 325 
305 316 315 326 
306 317 316 327 
307 318 317 328 
309 320 319 330 
310 321 320 331 
311 322 321 332 
312 323 322 333 
313 324 323 334 
314 325 324 335 
315 326 325 336 
316 327 326 337 
317 328 327 338 
318 329 328 339 
320 331 330 341 
321 332 331 342 
322 333 332 343 
323 334 333 344 
324 335 334 345 
325 336 335 346 
326 337 336 347 
327 338 337 348 
328 339 338 349 
329 340 339 350 
331 342 341 352 
332 343 342 353 
333 344 343 354 
334 345 344 355 
335 346 345 356 
336 347 346 357 
337 348 347 358 
338 349 348 359 
339 350 349 360 
340 351 350 361 
342 353 352 363 
343 354 353 364 
344 355 354 365 
345 356 355 366 
346 357 356 367 
347 358 357 368 
348 359 358 369 
349 360 359 370 
350 361 360 371 
351 362 361 372 
353 364 363 374 
354 365 364 375 
355 366 365 376 
356 367 366 377 
357 368 367 378 
358 369 368 379 
359 370 369 380 
360 371 370 381 
361 372 371 382 
362 373 372 383 
364 375 374 385 
365 376 375 386 
366 377 376 387 
367 378 377 388 
368 379 378 389 
369 380 379 390 
370 381 380 391 
371 382 381 392 
372 383 382 393 
373 384 383 394 
375 386 385 396 
376 387 386 397 
377 388 387 398 
378 389 388 399 
379 390 389 400 
380 391 390 401 
381 392 391 402 
382 393 392 403 
383 394 393 404 
384 395 394 405 
386 397 396 407 
387 398 397 408 
388 399 398 409 
389 400 399 410 
390 401 400 411 
391 402 401 412 
392 403 402 413 
393 404 403 414 
394 405 404 415 
395 406 405 416 
397 408 407 418 
398 409 408 419 
399 410 409 420 
400 411 410 421 
401 412 411 422 
402 413 412 423 
403 414 413 424 
404 415 414 425 
405 416 415 426 
406 417 416 427 
408 419 418 429 
409 420 419 430 
410 421 420 431 
411 422 421 432 
412 423 422 433 
413 424 423 434 
414 425 424 435 
415 426 425 436 
416 427 426 437 
417 428 427 438 
419 430 429 440 
420 431 430 441 
421 432 431 442 
422 433 432 443 
423 434 433 444 
424 435 434 445 
425 436 435 446 
426 437 436 447 
427 438 437 448 
428 439 438 449 
430 441 440 451 
431 442 441 452 
432 443 442 453 
433 444 443 454 
434 445 444 455 
435 446 445 456 
436 447 446 457 
437 448 447 458 
438 449 448 459 
439 450 449 460 
441 452 451 462 
442 453 452 463 
443 454 453 464 
444 455 454 465 
445 456 455 466 
446 457 456 467 
447 458 457 468 
448 459 458 469 
449 460 459 470 
450 461 460 471 
452 463 462 473 
453 464 463 474 
454 465 464 475 
455 466 465 476 
456 467 466 477 
457 468 467 478 
458 469 468 479 
459 470 469 480 
460 471 470 481 
461 472 471 482 
463 474 473 484 
464 475 474 485 
465 476 475 486 
466 477 476 487 
467 478 477 488 
468 479 478 489 
469 480 479 490 
470 481 480 491 
471 482 481 492 
472 483 482 493 
474 485 484 495 
475 486 485 496 
476 487 486 497 
477 488 487 498 
478 489 488 499 
479 490 489 500 
480 491 490 501 
481 492 491 502 
482 493 492 503 
483 494 493 504 
485 496 495 506 
486 497 496 507 
487 498 497 508 
488 499 498 509 
489 500 499 510 
490 501 500 511 
491 502 501 512 
492 503 502 513 
493 504 503 514 
494 505 504 515 
496 507 506 517 
497 508 507 518 
498 509 508 519 
499 510 509 520 
500 511 510 521 
501 512 511 522 
502 513 512 523 
503 514 513 524 
504 515 514 525 
505 516 515 526 
507 518 517 528 
508 519 518 529 
509 520 519 530 
510 521 520 531 
511 522 521 532 
512 523 522 533 
513 524 523 534 
514 525 524 535 
515 526 525 536 
516 527 526 537 
518 529 528 539 
519 530 529 540 
520 531 530 541 
521 532 531 542 
522 533 532 543 
523 534 533 544 
524 535 534 545 
525 536 535 546 
526 537 536 547 
527 538 537 548 
529 540 539 550 
530 541 540 551 
531 542 541 552 
532 543 542 553 
533 544 543 554 
534 545 544 555 
535 546 545 556 
536 547 546 557 
537 548 547 558 
538 549 548 559 
540 551 550 561 
541 552 551 562 
542 553 552 563 
543 554 553 564 
544 555 554 565 
545 556 555 566 
546 557 556 567 
547 558 557 568 
548 559 558 569 
549 560 559 570 
551 562 561 572 
552 563 562 573 
553 564 563 574 
554 565 564 575 
555 566 565 576 
556 567 566 577 
557 568 567 578 
558 569 568 579 
559 570 569 580 
560 571 570 581 
562 573 572 583 
563 574 573 584 
564 575 574 585 
565 576 575 586 
566 577 576 587 
567 578 577 588 
568 579 578 589 
569 580 579 590 
570 581 580 591 
571 582 581 592 
573 584 583 594 
574 585 584 595 
575 586 585 596 
576 587 586 597 
577 588 587 598 
578 589 588 599 
579 590 589 600 
580 591 590 601 
581 592 591 602 
582 593 592 603 
584 595 594 605 
585 596 595 606 
586 597 596 607 
587 598 597 608 
588 599 598 609 
589 600 599 610 
590 601 600 611 
591 602 601 612 
592 603 602 613 
593 604 603 614 
595 606 605 616 
596 607 606 617 
597 608 607 618 
598 609 608 619 
599 610 609 620 
600 611 610 621 
601 612 611 622 
602 613 612 623 
603 614 613 624 
604 615 614 625 
606 617 616 627 
607 618 617 628 
608 619 618 629 
609 620 619 630 
610 621 620 631 
611 622 621 632 
612 623 622 633 
613 624 623 634 
614 625 624 635 
615 626 625 636 
617 628 627 638 
618 629 628 639 
619 630 629 640 
620 631 630 641 
621 632 631 642 
622 633 632 643 
623 634 633 644 
624 635 634 645 
625 636 635 646 
626 637 636 647 
628 639 638 649 
629 640 639 650 
630 641 640 651 
631 642 641 652 
632 643 642 653 
633 644 643 654 
634 645 644 655 
635 646 645 656 
636 647 646 657 
637 648 647 658 
639 650 649 660 
640 651 650 661 
641 652 651 662 
642 653 652 663 
643 654 653 664 
644 655 654 665 
645 656 655 666 
646 657 656 667 
647 658 657 668 
648 659 658 669 
650 661 660 671 
651 662 661 672 
652 663 662 673 
653 664 663 674 
654 665 664 675 
655 666 665 676 
656 667 666 677 
657 668 667 678 
658 669 668 679 
659 670 669 680 
661 672 671 682 
662 673 672 683 
663 674 673 684 
664 675 674 685 
665 676 675 686 
666 677 676 687 
667 678 677 688 
668 679 678 689 
669 680 679 690 
670 681 680 691 
672 683 682 693 
673 684 683 694 
674 685 684 695 
675 686 685 696 
676 687 686 697 
677 688 687 698 
678 689 688 699 
679 690 689 700 
680 691 690 701 
681 692 691 702 
683 694 693 704 
684 695 694 705 
685 696 695 706 
686 697 696 707 
687 698 697 708 
688 699 698 709 
689 700 699 710 
690 701 700 711 
691 702 701 712 
692 703 702 713 
694 705 704 715 
695 706 705 716 
696 707 706 717 
697 708 707 718 
698 709 708 719 
699 710 709 720 
700 711 710 721 
701 712 711 722 
702 713 712 723 
703 714 713 724 
705 716 715 726 
706 717 716 727 
707 718 717 728 
708 719 718 729 
709 720 719 730 
710 721 720 731 
711 722 721 732 
712 723 722 733 
713 724 723 734 
714 725 724 735 
716 727 726 737 
717 728 727 738 
718 729 728 739 
719 730 729 740 
720 731 730 741 
721 732 731 742 
722 733 732 743 
723 734 733 744 
724 735 734 745 
725 736 735 746 
727 738 737 748 
728 739 738 749 
729 740 739 750 
730 741 740 751 
731 742 741 752 
732 743 742 753 
733 744 743 754 
734 745 744 755 
735 746 745 756 
736 747 746 757 
738 749 748 759 
739 750 749 760 
740 751 750 761 
741 752 751 762 
742 753 752 763 
743 754 753 764 
744 755 754 765 
745 756 755 766 
746 757 756 767 
747 758 757 768 
749 760 759 770 
750 761 760 771 
751 762 761 772 
752 763 762 773 
753 764 763 774 
754 765 764 775 
755 766 765 776 
756 767 766 777 
757 768 767 778 
758 769 768 779 
760 771 770 781 
761 772 771 782 
762 773 772 783 
763 774 773 784 
764 775 774 785 
765 776 775 786 
766 777 776 787 
767 778 777 788 
768 779 778 789 
769 780 779 790 
771 782 781 792 
772 783 782 793 
773 784 783 794 
774 785 784 795 
775 786 785 796 
776 787 786 797 
777 788 787 798 
778 789 788 799 
779 790 789 800 
780 791 790 801 
782 793 792 803 
783 794 793 804 
784 795 794 805 
785 796 795 806 
786 797 796 807 
787 798 797 808 
788 799 798 809 
789 800 799 810 
790 801 800 811 
791 802 801 812 
793 804 803 814 
794 805 804 815 
795 806 805 816 
796 807 806 817 
797 808 807 818 
798 809 808 819 
799 810 809 820 
800 811 810 821 
801 812 811 822 
802 813 812 823 
804 815 814 825 
805 816 815 826 
806 817 816 827 
807 818 817 828 
808 819 818 829 
809 820 819 830 
810 821 820 831 
811 822 821 832 
812 823 822 833 
813 824 823 834 
815 826 825 836 
816 827 826 837 
817 828 827 838 
818 829 828 839 
819 830 829 840 
820 831 830 841 
821 832 831 842 
822 833 832 843 
823 834 833 844 
824 835 834 845 
826 837 836 847 
827 838 837 848 
828 839 838 849 
829 840 839 850 
830 841 840 851 
831 842 841 852 
832 843 842 853 
833 844 843 854 
834 845 844 855 
835 846 845 856 
837 848 847 858 
838 849 848 859 
839 850 849 860 
840 851 850 861 
841 852 851 862 
842 853 852 863 
843 854 853 864 
844 855 854 865 
845 856 855 866 
846 857 856 867 
848 859 858 869 
849 860 859 870 
850 861 860 871 
851 862 861 872 
852 863 862 873 
853 864 863 874 
854 865 864 875 
855 866 865 876 
856 867 866 877 
857 868 867 878 
859 870 869 880 
860 871 870 881 
861 872 871 882 
862 873 872 883 
863 874 873 884 
864 875 874 885 
865 876 875 886 
866 877 876 887 
867 878 877 888 
868 879 878 889 
870 881 880 891 
871 882 881 892 
872 883 882 893 
873 884 883 894 
874 885 884 895 
875 886 885 896 
876 887 886 897 
877 888 887 898 
878 889 888 899 
879 890 889 900 
881 892 891 902 
882 893 892 903 
883 894 893 904 
884 895 894 905 
885 896 895 906 
886 897 896 907 
887 898 897 908 
888 899 898 909 
889 900 899 910 
890 901 900 911 
892 903 902 913 
893 904 903 914 
894 905 904 915 
895 906 905 916 
896 907 906 917 
897 908 907 918 
898 909 908 919 
899 910 909 920 
900 911 910 921 
901 912 911 922 
903 914 913 924 
904 915 914 925 
905 916 915 926 
906 917 916 927 
907 918 917 928 
908 919 918 929 
909 920 919 930 
910 921 920 931 
911 922 921 932 
912 923 922 933 
914 925 924 935 
915 926 925 936 
916 927 926 937 
917 928 927 938 
918 929 928 939 
919 930 929 940 
920 931 930 941 
921 932 931 942 
922 933 932 943 
923 934 933 944 
925 936 935 946 
926 937 936 947 
927 938 937 948 
928 939 938 949 
929 940 939 950 
930 941 940 951 
931 942 941 952 
932 943 942 953 
933 944 943 954 
934 945 944 955 
936 947 946 957 
937 948 947 958 
938 949 948 959 
939 950 949 960 
940 951 950 961 
941 952 951 962 
942 953 952 963 
943 954 953 964 
944 955 954 965 
945 956 955 966 
947 958 957 968 
948 959 958 969 
949 960 959 970 
950 961 960 971 
951 962 961 972 
952 963 962 973 
953 964 963 974 
954 965 964 975 
955 966 965 976 
956 967 966 977 
958 969 968 979 
959 970 969 980 
960 971 970 981 
961 972 971 982 
962 973 972 983 
963 974 973 984 
964 975 974 985 
965 976 975 986 
966 977 976 987 
967 978 977 988 
969 980 979 990 
970 981 980 991 
971 982 981 992 
972 983 982 993 
973 984 983 994 
974 985 984 995 
975 986 985 996 
976 987 986 997 
977 988 987 998 
978 989 988 999 
980 991 990 1001 
981 992 991 1002 
982 993 992 1003 
983 994 993 1004 
984 995 994 1005 
985 996 995 1006 
986 997 996 1007 
987 998 997 1008 
988 999 998 1009 
989 1000 999 1010 
991 1002 1001 1012 
992 1003 1002 1013 
993 1004 1003 1014 
994 1005 1004 1015 
995 1006 1005 1016 
996 1007 1006 1017 
997 1008 1007 1018 
998 1009 1008 1019 
999 1010 1009 1020 
1000 1011 1010 1021 
1002 1013 1012 1023 
1003 1014 1013 1024 
1004 1015 1014 1025 
1005 1016 1015 1026 
1006 1017 1016 1027 
1007 1018 1017 1028 
1008 1019 1018 1029 
1009 1020 1019 1030 
1010 1021 1020 1031 
1011 1022 1021 1032 
1013 1024 1023 1034 
1014 1025 1024 1035 
1015 1026 1025 1036 
1016 1027 1026 1037 
1017 1028 1027 1038 
1018 1029 1028 1039 
1019 1030 1029 1040 
1020 1031 1030 1041 
1021 1032 1031 1042 
1022 1033 1032 1043 
1024 1035 1034 1045 
1025 1036 1035 1046 
1026 1037 1036 1047 
1027 1038 1037 1048 
1028 1039 1038 1049 
1029 1040 1039 1050 
1030 1041 1040 1051 
1031 1042 1041 1052 
1032 1043 1042 1053 
1033 1044 1043 1054 
1035 1046 1045 1056 
1036 1047 1046 1057 
1037 1048 1047 1058 
1038 1049 1048 1059 
1039 1050 1049 1060 
1040 1051 1050 1061 
1041 1052 1051 1062 
1042 1053 1052 1063 
1043 1054 1053 1064 
1044 1055 1054 1065 
1046 1057 1056 1066 
1047 1058 1057 1067 
1048 1059 1058 1068 
1049 1060 1059 1069 
1050 1061 1060 1070 
1051 1062 1061 1071 
1052 1063 1062 1072 
1053 1064 1063 1073 
1054 1065 1064 1074 
1057 1067 1066 1075 
1058 1068 1067 1076 
1059 1069 1068 1077 
1060 1070 1069 1078 
1061 1071 1070 1079 
1062 1072 1071 1080 
1063 1073 1072 1081 
1064 1074 1073 1082 
1067 1076 1075 1083 
1068 1077 1076 1084 
1069 1078 1077 1085 
1070 1079 1078 1086 
1071 1080 1079 1087 
1072 1081 1080 1088 
1073 1082 1081 1089 
1076 1084 1083 1090 
1077 1085 1084 1091 
1078 1086 1085 1092 
1079 1087 1086 1093 
1080 1088 1087 1094 
1081 1089 1088 1095 
1084 1091 1090 1096 
1085 1092 1091 1097 
1086 1093 1092 1098 
1087 1094 1093 1099 
1088 1095 1094 1100 
1091 1097 1096 1101 
1092 1098 1097 1102 
1093 1099 1098 1103 
1094 1100 1099 1104 
1097 1102 1101 1105 
1098 1103 1102 1106 
1099 1104 1103 1107 
1102 1106 1105 1108 
1103 1107 1106 1109 
1106 1109 1108 1110 

1000 # number of geometric entity indices
# Geometric entity indices
1 
1 
1 
1 
1 
1 
1 
1 
1 
1 
1 
1 
1 
1 
1 
1 
1 
1 
1 
1 
1 
1 
1 
1 
1 
1 
1 
1 
1 
1 
1 
1 
1 
1 
1 
1 
1 
1 
1 
1 
1 
1 
1 
1 
1 
1 
1 
1 
1 
1 
1 
1 
1 
1 
1 
1 
1 
1 
1 
1 
1 
1 
1 
1 
1 
1 
1 
1 
1 
1 
1 
1 
1 
1 
1 
1 
1 
1 
1 
1 
1 
1 
1 
1 
1 
1 
1 
1 
1 
1 
1 
1 
1 
1 
1 
1 
1 
1 
1 
1 
1 
1 
1 
1 
1 
1 
1 
1 
1 
1 
1 
1 
1 
1 
1 
1 
1 
1 
1 
1 
1 
1 
1 
1 
1 
1 
1 
1 
1 
1 
1 
1 
1 
1 
1 
1 
1 
1 
1 
1 
1 
1 
1 
1 
1 
1 
1 
1 
1 
1 
1 
1 
1 
1 
1 
1 
1 
1 
1 
1 
1 
1 
1 
1 
1 
1 
1 
1 
1 
1 
1 
1 
1 
1 
1 
1 
1 
1 
1 
1 
1 
1 
1 
1 
1 
1 
1 
1 
1 
1 
1 
1 
1 
1 
1 
1 
1 
1 
1 
1 
1 
1 
1 
1 
1 
1 
1 
1 
1 
1 
1 
1 
1 
1 
1 
1 
1 
1 
1 
1 
1 
1 
1 
1 
1 
1 
1 
1 
1 
1 
1 
1 
1 
1 
1 
1 
1 
1 
1 
1 
1 
1 
1 
1 
1 
1 
1 
1 
1 
1 
1 
1 
1 
1 
1 
1 
1 
1 
1 
1 
1 
1 
1 
1 
1 
1 
1 
1 
1 
1 
1 
1 
1 
1 
1 
1 
1 
1 
1 
1 
1 
1 
1 
1 
1 
1 
1 
1 
1 
1 
1 
1 
1 
1 
1 
1 
1 
1 
1 
1 
1 
1 
1 
1 
1 
1 
1 
1 
1 
1 
1 
1 
1 
1 
1 
1 
1 
1 
1 
1 
1 
1 
1 
1 
1 
1 
1 
1 
1 
1 
1 
1 
1 
1 
1 
1 
1 
1 
1 
1 
1 
1 
1 
1 
1 
1 
1 
1 
1 
1 
1 
1 
1 
1 
1 
1 
1 
1 
1 
1 
1 
1 
1 
1 
1 
1 
1 
1 
1 
1 
1 
1 
1 
1 
1 
1 
1 
1 
1 
1 
1 
1 
1 
1 
1 
1 
1 
1 
1 
1 
1 
1 
1 
1 
1 
1 
1 
1 
1 
1 
1 
1 
1 
1 
1 
1 
1 
1 
1 
1 
1 
1 
1 
1 
1 
1 
1 
1 
1 
1 
1 
1 
1 
1 
1 
1 
1 
1 
1 
1 
1 
1 
1 
1 
1 
1 
1 
1 
1 
1 
1 
1 
1 
1 
1 
1 
1 
1 
1 
1 
1 
1 
1 
1 
1 
1 
1 
1 
1 
1 
1 
1 
1 
1 
1 
1 
1 
1 
1 
1 
1 
1 
1 
1 
1 
1 
1 
1 
1 
1 
1 
1 
1 
1 
1 
1 
1 
1 
1 
1 
1 
1 
1 
1 
1 
1 
1 
1 
1 
1 
1 
1 
1 
1 
1 
1 
1 
1 
1 
1 
1 
1 
1 
1 
1 
1 
1 
1 
1 
1 
1 
1 
1 
1 
1 
1 
1 
1 
1 
1 
1 
1 
1 
1 
1 
1 
1 
1 
1 
1 
1 
1 
1 
1 
1 
1 
1 
1 
1 
1 
1 
1 
1 
1 
1 
1 
1 
1 
1 
1 
1 
1 
1 
1 
1 
1 
1 
1 
1 
1 
1 
1 
1 
1 
1 
1 
1 
1 
1 
1 
1 
1 
1 
1 
1 
1 
1 
1 
1 
1 
1 
1 
1 
1 
1 
1 
1 
1 
1 
1 
1 
1 
1 
1 
1 
1 
1 
1 
1 
1 
1 
1 
1 
1 
1 
1 
1 
1 
1 
1 
1 
1 
1 
1 
1 
1 
1 
1 
1 
1 
1 
1 
1 
1 
1 
1 
1 
1 
1 
1 
1 
1 
1 
1 
1 
1 
1 
1 
1 
1 
1 
1 
1 
1 
1 
1 
1 
1 
1 
1 
1 
1 
1 
1 
1 
1 
1 
1 
1 
1 
1 
1 
1 
1 
1 
1 
1 
1 
1 
1 
1 
1 
1 
1 
1 
1 
1 
1 
1 
1 
1 
1 
1 
1 
1 
1 
1 
1 
1 
1 
1 
1 
1 
1 
1 
1 
1 
1 
1 
1 
1 
1 
1 
1 
1 
1 
1 
1 
1 
1 
1 
1 
1 
1 
1 
1 
1 
1 
1 
1 
1 
1 
1 
1 
1 
1 
1 
1 
1 
1 
1 
1 
1 
1 
1 
1 
1 
1 
1 
1 
1 
1 
1 
1 
1 
1 
1 
1 
1 
1 
1 
1 
1 
1 
1 
1 
1 
1 
1 
1 
1 
1 
1 
1 
1 
1 
1 
1 
1 
1 
1 
1 
1 
1 
1 
1 
1 
1 
1 
1 
1 
1 
1 
1 
1 
1 
1 
1 
1 
1 
1 
1 
1 
1 
1 
1 
1 
1 
1 
1 
1 
1 
1 
1 
1 
1 
1 
1 
1 
1 
1 
1 
1 
1 
1 
1 
1 
1 
1 
1 
1 
1 
1 
1 
1 
1 
1 
1 
1 
1 
1 
1 
1 
1 
1 
1 
1 
1 
1 
1 
1 
1 
1 
1 
1 
1 
1 
1 
1 
1 
1 
1 
1 
1 
1 
1 
1 
1 
1 
1 
1 
1 
1 
1 
1 
1 
1 
1 
1 
1 
1 
1 
1 
1 
1 
1 
1 
1 
1 
1 
1 
1 
1 
1 
1 
1 
1 
1 
1 
1 
1 
1 
1 
1 
1 
1 
1 
1 
1 
1 
1 
1 
1 
1 
1 
1 
1 
1 
1 
1 
1 
1 
1 
1 
1 
1 
1 
1 
1 
1 
1 
1 
1 
1 
1 
1 
1 
1 
1 
1 
1 
1 
1 
1 
1 
1 
1 
1 
1 
1 
1 
1 
1 
1 
1 
1 
1 
1 
1 
1 
1 
1 
1 
1 
1 
1 
1 
1 
1 
1 
1 
1 
1 
1 
1 
1 
1 
1 
1 
1 
1 
1 
1 
1 
1 
1 
1 
1 
1 
1 
1 
1 
1 
1 
1 
1 
1 
1 
1 
1 
