# Created by COMSOL Multiphysics.

# Major & minor version
0 1 
1 # number of tags
# Tags
5 mesh1 
1 # number of types
# Types
3 obj 

# --------- Object 0 ----------

0 0 1 
4 Mesh # class
4 # version
2 # sdim
124 # number of mesh vertices
0 # lowest mesh vertex index

# Mesh vertex coordinates
0 0 
0 0.33333333333333331 
0.33333333333322335 0 
0 0.66666666666666663 
0.33333333333328952 0.33333333333333337 
0.66666666666655994 0 
0 1 
0.33333333333331527 0.66666666666666663 
0.66666666666660301 0.33333333333333337 
0.99999999999989653 0 
0.33333333333333331 1 
0.66666666666663765 0.66666666666666663 
0.9999999999999325 0.33333333333333337 
1.3333333333332331 0 
0.66666666666666663 1 
0.99999999999996714 0.66666666666666663 
1.3333333333332678 0.33333333333333337 
1.6666666666665697 0 
1 1 
1.3333333333332997 0.66666666666666663 
1.6666666666666026 0.33333333333333337 
1.9999999999999063 0 
1.3333333333333335 1 
1.6666666666666341 0.66666666666666663 
1.9999999999999383 0.33333333333333337 
2.3333333333332429 0 
1.6666666666666672 1 
1.9999999999999689 0.66666666666666663 
2.3333333333332735 0.33333333333333337 
2.6666666666665795 0 
2.0000000000000009 1 
2.3333333333333037 0.66666666666666663 
2.6666666666666088 0.33333333333333337 
2.9999999999999161 0 
2.3333333333333344 1 
2.6666666666666381 0.66666666666666663 
2.999999999999944 0.33333333333333337 
3.3333333333332527 0 
2.6666666666666679 1 
2.9999999999999729 0.66666666666666663 
3.3333333333332797 0.33333333333333337 
3.6666666666665892 0 
3.0000000000000018 1 
3.3333333333333073 0.66666666666666663 
3.6666666666666154 0.33333333333333337 
3.9999999999999258 0 
3.3333333333333353 1 
3.6666666666666421 0.66666666666666663 
3.9999999999999516 0.33333333333333337 
4.3333333333332629 0 
3.6666666666666692 1 
3.9999999999999774 0.66666666666666663 
4.3333333333332877 0.33333333333333337 
4.6666666666665986 0 
4.0000000000000027 1 
4.3333333333333117 0.66666666666666663 
4.6666666666666234 0.33333333333333337 
4.9999999999999361 0 
4.3333333333333366 1 
4.6666666666666465 0.66666666666666663 
4.9999999999999591 0.33333333333333337 
5.3333333333332718 0 
4.6666666666666705 1 
4.9999999999999822 0.66666666666666663 
5.3333333333332948 0.33333333333333337 
5.666666666666611 0 
5.0000000000000044 1 
5.3333333333333171 0.66666666666666663 
5.6666666666666314 0.33333333333333337 
5.9999999999999476 0 
5.3333333333333393 1 
5.6666666666666519 0.66666666666666663 
5.999999999999968 0.33333333333333337 
6.333333333333286 0 
5.6666666666666732 1 
5.9999999999999876 0.66666666666666663 
6.3333333333333046 0.33333333333333337 
6.6666666666666234 0 
6.0000000000000071 1 
6.3333333333333233 0.66666666666666663 
6.6666666666666412 0.33333333333333337 
6.9999999999999618 0 
6.3333333333333419 1 
6.666666666666659 0.66666666666666663 
6.9999999999999778 0.33333333333333337 
7.3333333333332984 0 
6.6666666666666767 1 
6.9999999999999947 0.66666666666666663 
7.3333333333333144 0.33333333333333337 
7.6666666666666377 0 
7.0000000000000107 1 
7.3333333333333295 0.66666666666666663 
7.6666666666666501 0.33333333333333337 
7.9999999999999734 0 
7.3333333333333446 1 
7.6666666666666643 0.66666666666666663 
7.9999999999999867 0.33333333333333337 
8.3333333333333126 0 
7.6666666666666794 1 
8 0.66666666666666663 
8.333333333333325 0.33333333333333337 
8.6666666666666501 0 
8.0000000000000142 1 
8.3333333333333357 0.66666666666666663 
8.6666666666666607 0.33333333333333337 
8.9999999999999876 0 
8.3333333333333481 1 
8.6666666666666714 0.66666666666666663 
8.9999999999999964 0.33333333333333337 
9.333333333333325 0 
8.6666666666666821 1 
9.0000000000000071 0.66666666666666663 
9.3333333333333321 0.33333333333333337 
9.6666666666666625 0 
9.0000000000000178 1 
9.3333333333333428 0.66666666666666663 
9.6666666666666679 0.33333333333333337 
10 0 
9.3333333333333517 1 
9.666666666666675 0.66666666666666674 
10 0.33333333333333348 
9.6666666666666856 1 
10 0.66666666666666674 
10 1 

3 # number of element types

# Type #0

3 vtx # type name


1 # number of vertices per element
4 # number of elements
# Elements
0 
6 
117 
123 

4 # number of geometric entity indices
# Geometric entity indices
0 
1 
2 
3 

# Type #1

3 edg # type name


2 # number of vertices per element
66 # number of elements
# Elements
0 1 
2 0 
1 3 
5 2 
3 6 
9 5 
6 10 
13 9 
10 14 
17 13 
14 18 
21 17 
18 22 
25 21 
22 26 
29 25 
26 30 
33 29 
30 34 
37 33 
34 38 
41 37 
38 42 
45 41 
42 46 
49 45 
46 50 
53 49 
50 54 
57 53 
54 58 
61 57 
58 62 
65 61 
62 66 
69 65 
66 70 
73 69 
70 74 
77 73 
74 78 
81 77 
78 82 
85 81 
82 86 
89 85 
86 90 
93 89 
90 94 
97 93 
94 98 
101 97 
98 102 
105 101 
102 106 
109 105 
106 110 
113 109 
110 114 
117 113 
114 118 
120 117 
118 121 
122 120 
121 123 
123 122 

66 # number of geometric entity indices
# Geometric entity indices
0 
1 
0 
1 
0 
1 
2 
1 
2 
1 
2 
1 
2 
1 
2 
1 
2 
1 
2 
1 
2 
1 
2 
1 
2 
1 
2 
1 
2 
1 
2 
1 
2 
1 
2 
1 
2 
1 
2 
1 
2 
1 
2 
1 
2 
1 
2 
1 
2 
1 
2 
1 
2 
1 
2 
1 
2 
1 
2 
1 
2 
3 
2 
3 
2 
3 

# Type #2

4 quad # type name


4 # number of vertices per element
90 # number of elements
# Elements
0 2 1 4 
1 4 3 7 
2 5 4 8 
3 7 6 10 
4 8 7 11 
5 9 8 12 
7 11 10 14 
8 12 11 15 
9 13 12 16 
11 15 14 18 
12 16 15 19 
13 17 16 20 
15 19 18 22 
16 20 19 23 
17 21 20 24 
19 23 22 26 
20 24 23 27 
21 25 24 28 
23 27 26 30 
24 28 27 31 
25 29 28 32 
27 31 30 34 
28 32 31 35 
29 33 32 36 
31 35 34 38 
32 36 35 39 
33 37 36 40 
35 39 38 42 
36 40 39 43 
37 41 40 44 
39 43 42 46 
40 44 43 47 
41 45 44 48 
43 47 46 50 
44 48 47 51 
45 49 48 52 
47 51 50 54 
48 52 51 55 
49 53 52 56 
51 55 54 58 
52 56 55 59 
53 57 56 60 
55 59 58 62 
56 60 59 63 
57 61 60 64 
59 63 62 66 
60 64 63 67 
61 65 64 68 
63 67 66 70 
64 68 67 71 
65 69 68 72 
67 71 70 74 
68 72 71 75 
69 73 72 76 
71 75 74 78 
72 76 75 79 
73 77 76 80 
75 79 78 82 
76 80 79 83 
77 81 80 84 
79 83 82 86 
80 84 83 87 
81 85 84 88 
83 87 86 90 
84 88 87 91 
85 89 88 92 
87 91 90 94 
88 92 91 95 
89 93 92 96 
91 95 94 98 
92 96 95 99 
93 97 96 100 
95 99 98 102 
96 100 99 103 
97 101 100 104 
99 103 102 106 
100 104 103 107 
101 105 104 108 
103 107 106 110 
104 108 107 111 
105 109 108 112 
107 111 110 114 
108 112 111 115 
109 113 112 116 
111 115 114 118 
112 116 115 119 
113 117 116 120 
115 119 118 121 
116 120 119 122 
119 122 121 123 

90 # number of geometric entity indices
# Geometric entity indices
1 
1 
1 
1 
1 
1 
1 
1 
1 
1 
1 
1 
1 
1 
1 
1 
1 
1 
1 
1 
1 
1 
1 
1 
1 
1 
1 
1 
1 
1 
1 
1 
1 
1 
1 
1 
1 
1 
1 
1 
1 
1 
1 
1 
1 
1 
1 
1 
1 
1 
1 
1 
1 
1 
1 
1 
1 
1 
1 
1 
1 
1 
1 
1 
1 
1 
1 
1 
1 
1 
1 
1 
1 
1 
1 
1 
1 
1 
1 
1 
1 
1 
1 
1 
1 
1 
1 
1 
1 
1 
