# Created by COMSOL Multiphysics.

# Major & minor version
0 1 
1 # number of tags
# Tags
5 mesh1 
1 # number of types
# Types
3 obj 

# --------- Object 0 ----------

0 0 1 
4 Mesh # class
4 # version
2 # sdim
63 # number of mesh vertices
0 # lowest mesh vertex index

# Mesh vertex coordinates
0 0 
0 0.50000000000000011 
0.499999999999996 0 
0 1 
0.49999999999999911 0.5 
0.99999999999999645 0 
0.5 1 
0.99999999999999911 0.5 
1.4999999999999969 0 
1 1 
1.4999999999999991 0.5 
1.9999999999999973 0 
1.5000000000000002 1 
1.9999999999999996 0.5 
2.4999999999999978 0 
2.0000000000000004 1 
2.4999999999999996 0.5 
2.9999999999999982 0 
2.5000000000000004 1 
2.9999999999999996 0.5 
3.4999999999999987 0 
3.0000000000000004 1 
3.5 0.5 
3.9999999999999991 0 
3.5000000000000004 1 
4 0.5 
4.5 0 
4 1 
4.5 0.5 
5 0 
4.5 1 
5 0.5 
5.5 0 
5 1 
5.5 0.5 
6 0 
5.5 1 
6 0.5 
6.4999999999999991 0 
6.0000000000000009 1 
6.5 0.5 
7 0 
6.5000000000000018 1 
7 0.5 
7.5 0 
7.0000000000000018 1 
7.5 0.5 
7.9999999999999991 0 
7.5000000000000018 1 
8 0.5 
8.5 0 
8.0000000000000036 1 
8.5 0.5 
9 0 
8.5000000000000036 1 
9 0.5 
9.5 0 
9.0000000000000036 1 
9.5 0.5 
10 0 
9.5000000000000036 1 
10 0.49999999999999989 
10 1 

3 # number of element types

# Type #0

3 vtx # type name


1 # number of vertices per element
4 # number of elements
# Elements
0 
3 
59 
62 

4 # number of geometric entity indices
# Geometric entity indices
0 
1 
2 
3 

# Type #1

3 edg # type name


2 # number of vertices per element
44 # number of elements
# Elements
0 1 
2 0 
1 3 
5 2 
3 6 
8 5 
6 9 
11 8 
9 12 
14 11 
12 15 
17 14 
15 18 
20 17 
18 21 
23 20 
21 24 
26 23 
24 27 
29 26 
27 30 
32 29 
30 33 
35 32 
33 36 
38 35 
36 39 
41 38 
39 42 
44 41 
42 45 
47 44 
45 48 
50 47 
48 51 
53 50 
51 54 
56 53 
54 57 
59 56 
57 60 
61 59 
60 62 
62 61 

44 # number of geometric entity indices
# Geometric entity indices
0 
1 
0 
1 
2 
1 
2 
1 
2 
1 
2 
1 
2 
1 
2 
1 
2 
1 
2 
1 
2 
1 
2 
1 
2 
1 
2 
1 
2 
1 
2 
1 
2 
1 
2 
1 
2 
1 
2 
1 
2 
3 
2 
3 

# Type #2

4 quad # type name


4 # number of vertices per element
40 # number of elements
# Elements
0 2 1 4 
1 4 3 6 
2 5 4 7 
4 7 6 9 
5 8 7 10 
7 10 9 12 
8 11 10 13 
10 13 12 15 
11 14 13 16 
13 16 15 18 
14 17 16 19 
16 19 18 21 
17 20 19 22 
19 22 21 24 
20 23 22 25 
22 25 24 27 
23 26 25 28 
25 28 27 30 
26 29 28 31 
28 31 30 33 
29 32 31 34 
31 34 33 36 
32 35 34 37 
34 37 36 39 
35 38 37 40 
37 40 39 42 
38 41 40 43 
40 43 42 45 
41 44 43 46 
43 46 45 48 
44 47 46 49 
46 49 48 51 
47 50 49 52 
49 52 51 54 
50 53 52 55 
52 55 54 57 
53 56 55 58 
55 58 57 60 
56 59 58 61 
58 61 60 62 

40 # number of geometric entity indices
# Geometric entity indices
1 
1 
1 
1 
1 
1 
1 
1 
1 
1 
1 
1 
1 
1 
1 
1 
1 
1 
1 
1 
1 
1 
1 
1 
1 
1 
1 
1 
1 
1 
1 
1 
1 
1 
1 
1 
1 
1 
1 
1 
