# Created by COMSOL Multiphysics.

# Major & minor version
0 1 
1 # number of tags
# Tags
5 mesh1 
1 # number of types
# Types
3 obj 

# --------- Object 0 ----------

0 0 1 
4 Mesh # class
4 # version
2 # sdim
676 # number of mesh vertices
0 # lowest mesh vertex index

# Mesh vertex coordinates
0 0 
0 0.03999999999999998 
0.039999999999999147 0 
0 0.07999999999999996 
0.03999999999999948 0.040000000000000036 
0.079999999999999183 0 
0 0.11999999999999994 
0.039999999999999536 0.080000000000000071 
0.079999999999999238 0.040000000000000036 
0.11999999999999922 0 
0 0.15999999999999992 
0.039999999999999536 0.12000000000000011 
0.079999999999999238 0.080000000000000071 
0.11999999999999922 0.040000000000000036 
0.15999999999999925 0 
0 0.1999999999999999 
0.039999999999999536 0.16000000000000003 
0.079999999999999238 0.12000000000000011 
0.11999999999999922 0.080000000000000071 
0.15999999999999925 0.040000000000000036 
0.19999999999999929 0 
0 0.23999999999999988 
0.039999999999999536 0.1999999999999999 
0.079999999999999238 0.16000000000000003 
0.11999999999999922 0.12000000000000011 
0.15999999999999925 0.080000000000000071 
0.19999999999999929 0.040000000000000036 
0.23999999999999932 0 
0 0.27999999999999986 
0.039999999999999536 0.23999999999999982 
0.079999999999999238 0.19999999999999996 
0.11999999999999922 0.16000000000000009 
0.15999999999999925 0.12000000000000011 
0.19999999999999929 0.080000000000000071 
0.23999999999999932 0.040000000000000036 
0.27999999999999936 0 
0 0.31999999999999984 
0.039999999999999536 0.2799999999999998 
0.079999999999999238 0.23999999999999982 
0.11999999999999922 0.19999999999999996 
0.15999999999999925 0.16000000000000009 
0.19999999999999929 0.12000000000000011 
0.23999999999999932 0.080000000000000071 
0.27999999999999936 0.040000000000000036 
0.3199999999999994 0 
0 0.35999999999999982 
0.039999999999999536 0.31999999999999984 
0.079999999999999238 0.2799999999999998 
0.11999999999999922 0.23999999999999982 
0.15999999999999925 0.19999999999999996 
0.19999999999999929 0.16000000000000009 
0.23999999999999932 0.12000000000000011 
0.27999999999999936 0.080000000000000071 
0.3199999999999994 0.040000000000000036 
0.35999999999999943 0 
0 0.3999999999999998 
0.039999999999999591 0.35999999999999982 
0.079999999999999238 0.31999999999999984 
0.11999999999999922 0.2799999999999998 
0.15999999999999925 0.23999999999999982 
0.19999999999999929 0.19999999999999996 
0.23999999999999932 0.16000000000000009 
0.27999999999999936 0.12000000000000011 
0.3199999999999994 0.080000000000000071 
0.35999999999999943 0.040000000000000036 
0.39999999999999947 0 
0 0.43999999999999978 
0.039999999999999702 0.3999999999999998 
0.079999999999999349 0.35999999999999982 
0.11999999999999922 0.31999999999999984 
0.15999999999999925 0.2799999999999998 
0.19999999999999929 0.23999999999999982 
0.23999999999999932 0.19999999999999996 
0.27999999999999936 0.16000000000000009 
0.3199999999999994 0.12000000000000011 
0.35999999999999943 0.080000000000000071 
0.39999999999999947 0.040000000000000036 
0.4399999999999995 0 
0 0.47999999999999976 
0.039999999999999925 0.43999999999999978 
0.079999999999999571 0.3999999999999998 
0.11999999999999927 0.35999999999999982 
0.15999999999999925 0.31999999999999984 
0.19999999999999929 0.2799999999999998 
0.23999999999999932 0.23999999999999982 
0.27999999999999936 0.19999999999999996 
0.3199999999999994 0.16000000000000009 
0.35999999999999943 0.12000000000000011 
0.39999999999999947 0.080000000000000071 
0.4399999999999995 0.040000000000000036 
0.47999999999999954 0 
0 0.5199999999999998 
0.03999999999999998 0.47999999999999976 
0.079999999999999682 0.43999999999999978 
0.11999999999999938 0.3999999999999998 
0.15999999999999925 0.35999999999999982 
0.19999999999999929 0.31999999999999984 
0.23999999999999932 0.2799999999999998 
0.27999999999999936 0.23999999999999982 
0.3199999999999994 0.19999999999999996 
0.35999999999999943 0.16000000000000009 
0.39999999999999947 0.12000000000000011 
0.4399999999999995 0.080000000000000071 
0.47999999999999954 0.03999999999999998 
0.51999999999999957 0 
0 0.55999999999999983 
0.03999999999999998 0.5199999999999998 
0.079999999999999905 0.47999999999999976 
0.1199999999999995 0.43999999999999978 
0.15999999999999925 0.3999999999999998 
0.19999999999999929 0.35999999999999982 
0.23999999999999932 0.31999999999999984 
0.27999999999999936 0.2799999999999998 
0.3199999999999994 0.23999999999999982 
0.35999999999999943 0.19999999999999996 
0.39999999999999947 0.16000000000000003 
0.4399999999999995 0.12000000000000005 
0.47999999999999954 0.080000000000000071 
0.51999999999999957 0.03999999999999998 
0.55999999999999961 0 
0 0.59999999999999987 
0.03999999999999998 0.55999999999999983 
0.07999999999999996 0.5199999999999998 
0.11999999999999972 0.47999999999999976 
0.15999999999999936 0.43999999999999978 
0.19999999999999929 0.3999999999999998 
0.23999999999999932 0.35999999999999982 
0.27999999999999936 0.31999999999999984 
0.3199999999999994 0.2799999999999998 
0.35999999999999943 0.23999999999999982 
0.39999999999999947 0.19999999999999996 
0.4399999999999995 0.16000000000000003 
0.47999999999999954 0.12 
0.51999999999999957 0.080000000000000016 
0.55999999999999961 0.03999999999999998 
0.59999999999999964 0 
0 0.6399999999999999 
0.03999999999999998 0.59999999999999987 
0.080000000000000016 0.55999999999999983 
0.11999999999999988 0.5199999999999998 
0.15999999999999953 0.47999999999999976 
0.19999999999999934 0.43999999999999978 
0.23999999999999932 0.3999999999999998 
0.27999999999999936 0.35999999999999976 
0.3199999999999994 0.31999999999999984 
0.35999999999999943 0.2799999999999998 
0.39999999999999947 0.23999999999999982 
0.4399999999999995 0.1999999999999999 
0.47999999999999954 0.15999999999999998 
0.51999999999999957 0.12 
0.55999999999999961 0.080000000000000016 
0.59999999999999964 0.03999999999999998 
0.63999999999999968 0 
0 0.67999999999999994 
0.03999999999999998 0.6399999999999999 
0.080000000000000016 0.59999999999999987 
0.12 0.55999999999999983 
0.15999999999999975 0.5199999999999998 
0.19999999999999951 0.47999999999999976 
0.23999999999999938 0.43999999999999978 
0.27999999999999936 0.39999999999999974 
0.3199999999999994 0.35999999999999976 
0.35999999999999943 0.31999999999999984 
0.39999999999999947 0.2799999999999998 
0.4399999999999995 0.23999999999999982 
0.47999999999999954 0.1999999999999999 
0.51999999999999957 0.15999999999999998 
0.55999999999999961 0.11999999999999994 
0.59999999999999964 0.07999999999999996 
0.63999999999999968 0.03999999999999998 
0.67999999999999972 0 
0 0.71999999999999997 
0.03999999999999998 0.67999999999999983 
0.080000000000000016 0.63999999999999979 
0.12000000000000005 0.59999999999999987 
0.15999999999999998 0.55999999999999983 
0.19999999999999968 0.5199999999999998 
0.23999999999999949 0.47999999999999976 
0.27999999999999936 0.43999999999999972 
0.3199999999999994 0.39999999999999974 
0.35999999999999943 0.35999999999999976 
0.39999999999999947 0.31999999999999978 
0.4399999999999995 0.2799999999999998 
0.47999999999999954 0.23999999999999977 
0.51999999999999957 0.1999999999999999 
0.55999999999999961 0.15999999999999986 
0.59999999999999964 0.11999999999999983 
0.63999999999999968 0.079999999999999905 
0.67999999999999972 0.039999999999999925 
0.71999999999999975 0 
0 0.76000000000000001 
0.03999999999999998 0.71999999999999975 
0.080000000000000016 0.67999999999999972 
0.12000000000000005 0.63999999999999979 
0.16000000000000003 0.59999999999999987 
0.19999999999999979 0.55999999999999983 
0.2399999999999996 0.5199999999999998 
0.27999999999999947 0.47999999999999976 
0.3199999999999994 0.43999999999999972 
0.35999999999999943 0.39999999999999974 
0.39999999999999947 0.35999999999999976 
0.4399999999999995 0.31999999999999978 
0.47999999999999954 0.2799999999999998 
0.51999999999999957 0.23999999999999977 
0.55999999999999961 0.19999999999999979 
0.59999999999999964 0.15999999999999981 
0.63999999999999968 0.11999999999999972 
0.67999999999999972 0.079999999999999905 
0.71999999999999975 0.039999999999999925 
0.75999999999999979 0 
0 0.80000000000000004 
0.03999999999999998 0.75999999999999979 
0.080000000000000016 0.71999999999999975 
0.12000000000000005 0.67999999999999972 
0.16000000000000003 0.63999999999999979 
0.1999999999999999 0.59999999999999987 
0.23999999999999971 0.55999999999999983 
0.27999999999999958 0.5199999999999998 
0.31999999999999945 0.47999999999999976 
0.35999999999999943 0.43999999999999972 
0.39999999999999947 0.39999999999999969 
0.4399999999999995 0.35999999999999976 
0.47999999999999954 0.31999999999999973 
0.51999999999999957 0.27999999999999975 
0.55999999999999961 0.23999999999999977 
0.59999999999999964 0.19999999999999973 
0.63999999999999968 0.15999999999999964 
0.67999999999999972 0.11999999999999966 
0.71999999999999975 0.079999999999999793 
0.75999999999999979 0.039999999999999925 
0.79999999999999982 0 
0 0.84000000000000008 
0.03999999999999998 0.79999999999999982 
0.080000000000000016 0.75999999999999979 
0.12000000000000005 0.71999999999999975 
0.16000000000000003 0.67999999999999972 
0.1999999999999999 0.63999999999999979 
0.23999999999999977 0.59999999999999987 
0.27999999999999969 0.55999999999999983 
0.31999999999999951 0.5199999999999998 
0.35999999999999954 0.4799999999999997 
0.39999999999999947 0.43999999999999972 
0.43999999999999956 0.39999999999999969 
0.47999999999999959 0.35999999999999976 
0.51999999999999957 0.31999999999999973 
0.55999999999999961 0.27999999999999969 
0.59999999999999964 0.23999999999999966 
0.63999999999999968 0.19999999999999957 
0.67999999999999972 0.15999999999999948 
0.71999999999999975 0.11999999999999955 
0.75999999999999979 0.079999999999999793 
0.79999999999999982 0.039999999999999925 
0.83999999999999986 0 
0 0.88000000000000012 
0.03999999999999998 0.83999999999999986 
0.080000000000000016 0.79999999999999982 
0.12000000000000005 0.75999999999999979 
0.16000000000000003 0.71999999999999975 
0.1999999999999999 0.67999999999999972 
0.23999999999999977 0.63999999999999979 
0.2799999999999998 0.59999999999999987 
0.31999999999999962 0.55999999999999983 
0.35999999999999954 0.51999999999999968 
0.39999999999999958 0.4799999999999997 
0.43999999999999956 0.43999999999999972 
0.47999999999999959 0.39999999999999969 
0.51999999999999957 0.35999999999999971 
0.55999999999999961 0.31999999999999973 
0.59999999999999964 0.27999999999999969 
0.63999999999999968 0.2399999999999996 
0.67999999999999972 0.19999999999999946 
0.71999999999999975 0.15999999999999936 
0.75999999999999979 0.11999999999999955 
0.79999999999999982 0.079999999999999682 
0.83999999999999986 0.039999999999999813 
0.87999999999999989 0 
0 0.92000000000000015 
0.03999999999999998 0.87999999999999989 
0.080000000000000016 0.83999999999999986 
0.12000000000000005 0.79999999999999982 
0.16000000000000003 0.75999999999999979 
0.1999999999999999 0.71999999999999975 
0.23999999999999977 0.67999999999999972 
0.2799999999999998 0.63999999999999968 
0.31999999999999973 0.59999999999999976 
0.35999999999999965 0.55999999999999972 
0.39999999999999958 0.51999999999999968 
0.43999999999999961 0.4799999999999997 
0.47999999999999959 0.43999999999999967 
0.51999999999999968 0.39999999999999969 
0.55999999999999961 0.35999999999999971 
0.59999999999999964 0.31999999999999967 
0.63999999999999968 0.27999999999999958 
0.67999999999999972 0.23999999999999949 
0.71999999999999975 0.19999999999999934 
0.75999999999999979 0.15999999999999936 
0.79999999999999982 0.1199999999999995 
0.83999999999999986 0.079999999999999627 
0.87999999999999989 0.039999999999999813 
0.91999999999999993 0 
0 0.96000000000000019 
0.03999999999999998 0.91999999999999993 
0.080000000000000016 0.87999999999999989 
0.12000000000000005 0.83999999999999986 
0.16000000000000003 0.79999999999999982 
0.1999999999999999 0.75999999999999979 
0.23999999999999977 0.71999999999999975 
0.2799999999999998 0.67999999999999972 
0.31999999999999978 0.63999999999999968 
0.35999999999999971 0.59999999999999976 
0.39999999999999969 0.55999999999999972 
0.43999999999999961 0.51999999999999968 
0.47999999999999965 0.4799999999999997 
0.51999999999999968 0.43999999999999967 
0.55999999999999961 0.39999999999999969 
0.59999999999999964 0.35999999999999965 
0.63999999999999968 0.31999999999999962 
0.67999999999999972 0.27999999999999947 
0.71999999999999975 0.23999999999999938 
0.75999999999999979 0.19999999999999929 
0.79999999999999982 0.15999999999999931 
0.83999999999999986 0.11999999999999944 
0.87999999999999989 0.079999999999999571 
0.91999999999999993 0.039999999999999758 
0.95999999999999996 0 
0 1 
0.03999999999999998 0.95999999999999996 
0.080000000000000016 0.91999999999999993 
0.12000000000000005 0.87999999999999989 
0.16000000000000003 0.83999999999999986 
0.1999999999999999 0.79999999999999982 
0.23999999999999977 0.75999999999999979 
0.2799999999999998 0.71999999999999975 
0.31999999999999984 0.67999999999999972 
0.35999999999999976 0.63999999999999968 
0.39999999999999969 0.59999999999999964 
0.43999999999999967 0.55999999999999972 
0.47999999999999965 0.51999999999999968 
0.51999999999999968 0.47999999999999965 
0.55999999999999972 0.43999999999999967 
0.59999999999999964 0.39999999999999969 
0.63999999999999968 0.35999999999999965 
0.67999999999999972 0.31999999999999951 
0.71999999999999975 0.27999999999999936 
0.75999999999999979 0.23999999999999932 
0.79999999999999982 0.19999999999999929 
0.83999999999999986 0.15999999999999931 
0.87999999999999989 0.11999999999999927 
0.91999999999999993 0.07999999999999946 
0.95999999999999996 0.039999999999999591 
1 0 
0.03999999999999998 1 
0.080000000000000016 0.95999999999999996 
0.12000000000000005 0.91999999999999993 
0.16000000000000003 0.87999999999999989 
0.1999999999999999 0.83999999999999986 
0.23999999999999977 0.79999999999999982 
0.2799999999999998 0.75999999999999979 
0.31999999999999978 0.71999999999999975 
0.35999999999999976 0.67999999999999972 
0.39999999999999969 0.63999999999999968 
0.43999999999999967 0.59999999999999964 
0.47999999999999965 0.55999999999999972 
0.51999999999999968 0.51999999999999968 
0.55999999999999972 0.47999999999999965 
0.59999999999999964 0.43999999999999967 
0.63999999999999968 0.39999999999999963 
0.67999999999999972 0.35999999999999954 
0.71999999999999975 0.3199999999999994 
0.75999999999999979 0.27999999999999936 
0.79999999999999982 0.23999999999999932 
0.83999999999999986 0.19999999999999929 
0.87999999999999989 0.15999999999999925 
0.91999999999999993 0.11999999999999927 
0.95999999999999996 0.079999999999999294 
1 0.039999999999999147 
0.07999999999999996 1 
0.12000000000000005 0.95999999999999996 
0.16000000000000003 0.91999999999999993 
0.1999999999999999 0.87999999999999989 
0.23999999999999977 0.83999999999999986 
0.2799999999999998 0.79999999999999982 
0.31999999999999978 0.75999999999999979 
0.35999999999999976 0.71999999999999975 
0.39999999999999969 0.67999999999999972 
0.43999999999999972 0.63999999999999968 
0.4799999999999997 0.59999999999999964 
0.51999999999999968 0.55999999999999972 
0.55999999999999972 0.51999999999999968 
0.59999999999999964 0.47999999999999965 
0.63999999999999968 0.43999999999999961 
0.67999999999999972 0.39999999999999958 
0.71999999999999975 0.35999999999999943 
0.75999999999999979 0.3199999999999994 
0.79999999999999982 0.27999999999999936 
0.83999999999999986 0.23999999999999932 
0.87999999999999989 0.19999999999999929 
0.91999999999999993 0.15999999999999925 
0.95999999999999996 0.11999999999999922 
1 0.079999999999999183 
0.11999999999999994 1 
0.16000000000000003 0.95999999999999996 
0.1999999999999999 0.91999999999999993 
0.23999999999999977 0.87999999999999989 
0.2799999999999998 0.83999999999999986 
0.31999999999999978 0.79999999999999982 
0.35999999999999976 0.75999999999999979 
0.39999999999999974 0.71999999999999975 
0.43999999999999972 0.67999999999999972 
0.4799999999999997 0.63999999999999968 
0.51999999999999968 0.59999999999999964 
0.55999999999999972 0.55999999999999972 
0.59999999999999964 0.51999999999999968 
0.63999999999999968 0.47999999999999965 
0.67999999999999972 0.43999999999999961 
0.71999999999999975 0.39999999999999952 
0.75999999999999979 0.35999999999999943 
0.79999999999999982 0.3199999999999994 
0.83999999999999986 0.27999999999999936 
0.87999999999999989 0.23999999999999932 
0.91999999999999993 0.19999999999999929 
0.95999999999999996 0.15999999999999925 
1 0.11999999999999922 
0.15999999999999992 1 
0.19999999999999996 0.95999999999999996 
0.23999999999999977 0.91999999999999993 
0.2799999999999998 0.87999999999999989 
0.31999999999999984 0.83999999999999986 
0.35999999999999976 0.79999999999999982 
0.39999999999999974 0.75999999999999979 
0.43999999999999972 0.71999999999999975 
0.47999999999999976 0.67999999999999972 
0.51999999999999968 0.63999999999999968 
0.55999999999999972 0.59999999999999964 
0.59999999999999964 0.55999999999999972 
0.63999999999999968 0.51999999999999968 
0.67999999999999972 0.47999999999999965 
0.71999999999999975 0.43999999999999961 
0.75999999999999979 0.39999999999999947 
0.79999999999999982 0.35999999999999943 
0.83999999999999986 0.3199999999999994 
0.87999999999999989 0.27999999999999936 
0.91999999999999993 0.23999999999999932 
0.95999999999999996 0.19999999999999929 
1 0.15999999999999925 
0.1999999999999999 1 
0.23999999999999988 0.95999999999999996 
0.2799999999999998 0.91999999999999993 
0.31999999999999984 0.87999999999999989 
0.35999999999999976 0.83999999999999986 
0.39999999999999974 0.79999999999999982 
0.43999999999999972 0.75999999999999979 
0.47999999999999976 0.71999999999999975 
0.5199999999999998 0.67999999999999972 
0.55999999999999972 0.63999999999999968 
0.59999999999999964 0.59999999999999964 
0.63999999999999968 0.55999999999999972 
0.67999999999999972 0.51999999999999968 
0.71999999999999975 0.47999999999999965 
0.75999999999999979 0.43999999999999956 
0.79999999999999982 0.39999999999999947 
0.83999999999999986 0.35999999999999943 
0.87999999999999989 0.3199999999999994 
0.91999999999999993 0.27999999999999936 
0.95999999999999996 0.23999999999999932 
1 0.19999999999999929 
0.23999999999999988 1 
0.2799999999999998 0.95999999999999996 
0.31999999999999984 0.91999999999999993 
0.35999999999999976 0.87999999999999989 
0.39999999999999974 0.83999999999999986 
0.43999999999999972 0.79999999999999982 
0.47999999999999976 0.75999999999999979 
0.5199999999999998 0.71999999999999975 
0.55999999999999983 0.67999999999999972 
0.59999999999999976 0.63999999999999968 
0.63999999999999968 0.59999999999999964 
0.67999999999999972 0.55999999999999972 
0.71999999999999975 0.51999999999999968 
0.75999999999999979 0.47999999999999959 
0.79999999999999982 0.4399999999999995 
0.83999999999999986 0.39999999999999947 
0.87999999999999989 0.35999999999999943 
0.91999999999999993 0.3199999999999994 
0.95999999999999996 0.27999999999999936 
1 0.23999999999999932 
0.27999999999999986 1 
0.31999999999999984 0.95999999999999996 
0.35999999999999976 0.91999999999999993 
0.39999999999999974 0.87999999999999989 
0.43999999999999972 0.83999999999999986 
0.47999999999999976 0.79999999999999982 
0.5199999999999998 0.75999999999999979 
0.55999999999999983 0.71999999999999975 
0.59999999999999987 0.67999999999999972 
0.63999999999999968 0.63999999999999968 
0.67999999999999972 0.59999999999999964 
0.71999999999999975 0.55999999999999961 
0.75999999999999979 0.51999999999999957 
0.79999999999999982 0.47999999999999959 
0.83999999999999986 0.4399999999999995 
0.87999999999999989 0.39999999999999947 
0.91999999999999993 0.35999999999999943 
0.95999999999999996 0.3199999999999994 
1 0.27999999999999936 
0.31999999999999984 1 
0.35999999999999976 0.95999999999999996 
0.39999999999999974 0.91999999999999993 
0.43999999999999972 0.87999999999999989 
0.47999999999999976 0.83999999999999986 
0.5199999999999998 0.79999999999999982 
0.55999999999999983 0.75999999999999979 
0.59999999999999987 0.71999999999999975 
0.63999999999999979 0.67999999999999972 
0.67999999999999972 0.63999999999999968 
0.71999999999999975 0.59999999999999964 
0.75999999999999979 0.55999999999999961 
0.79999999999999982 0.51999999999999957 
0.83999999999999986 0.47999999999999954 
0.87999999999999989 0.4399999999999995 
0.91999999999999993 0.39999999999999947 
0.95999999999999996 0.35999999999999943 
1 0.3199999999999994 
0.35999999999999982 1 
0.3999999999999998 0.95999999999999996 
0.43999999999999972 0.91999999999999993 
0.47999999999999976 0.87999999999999989 
0.5199999999999998 0.83999999999999986 
0.55999999999999983 0.79999999999999982 
0.59999999999999987 0.75999999999999979 
0.63999999999999979 0.71999999999999975 
0.67999999999999972 0.67999999999999972 
0.71999999999999975 0.63999999999999968 
0.75999999999999979 0.59999999999999964 
0.79999999999999982 0.55999999999999961 
0.83999999999999986 0.51999999999999957 
0.87999999999999989 0.47999999999999954 
0.91999999999999993 0.4399999999999995 
0.95999999999999996 0.39999999999999947 
1 0.35999999999999943 
0.3999999999999998 1 
0.43999999999999978 0.95999999999999996 
0.47999999999999976 0.91999999999999993 
0.5199999999999998 0.87999999999999989 
0.55999999999999983 0.83999999999999986 
0.59999999999999987 0.79999999999999982 
0.63999999999999979 0.75999999999999979 
0.67999999999999972 0.71999999999999975 
0.71999999999999975 0.67999999999999972 
0.75999999999999979 0.63999999999999968 
0.79999999999999982 0.59999999999999964 
0.83999999999999986 0.55999999999999961 
0.87999999999999989 0.51999999999999957 
0.91999999999999993 0.47999999999999954 
0.95999999999999996 0.4399999999999995 
1 0.39999999999999947 
0.43999999999999978 1 
0.47999999999999976 0.95999999999999996 
0.5199999999999998 0.91999999999999993 
0.55999999999999983 0.87999999999999989 
0.59999999999999987 0.83999999999999986 
0.63999999999999979 0.79999999999999982 
0.67999999999999983 0.75999999999999979 
0.71999999999999975 0.71999999999999975 
0.75999999999999979 0.67999999999999972 
0.79999999999999982 0.63999999999999968 
0.83999999999999986 0.59999999999999964 
0.87999999999999989 0.55999999999999961 
0.91999999999999993 0.51999999999999957 
0.95999999999999996 0.47999999999999954 
1 0.4399999999999995 
0.47999999999999976 1 
0.5199999999999998 0.95999999999999996 
0.55999999999999983 0.91999999999999993 
0.59999999999999987 0.87999999999999989 
0.63999999999999979 0.83999999999999986 
0.67999999999999983 0.79999999999999982 
0.71999999999999975 0.75999999999999979 
0.75999999999999979 0.71999999999999975 
0.79999999999999982 0.67999999999999972 
0.83999999999999986 0.63999999999999968 
0.87999999999999989 0.59999999999999964 
0.91999999999999993 0.55999999999999961 
0.95999999999999996 0.51999999999999957 
1 0.47999999999999954 
0.5199999999999998 1 
0.55999999999999983 0.95999999999999996 
0.59999999999999987 0.91999999999999993 
0.63999999999999979 0.87999999999999989 
0.67999999999999983 0.83999999999999986 
0.71999999999999975 0.79999999999999982 
0.75999999999999979 0.75999999999999979 
0.79999999999999982 0.71999999999999975 
0.83999999999999986 0.67999999999999972 
0.87999999999999989 0.63999999999999968 
0.91999999999999993 0.59999999999999964 
0.95999999999999996 0.55999999999999961 
1 0.51999999999999957 
0.55999999999999983 1 
0.59999999999999987 0.95999999999999996 
0.63999999999999979 0.91999999999999993 
0.67999999999999983 0.87999999999999989 
0.71999999999999975 0.83999999999999986 
0.75999999999999979 0.79999999999999982 
0.79999999999999982 0.75999999999999979 
0.83999999999999986 0.71999999999999975 
0.87999999999999989 0.67999999999999972 
0.91999999999999993 0.63999999999999968 
0.95999999999999996 0.59999999999999964 
1 0.55999999999999961 
0.59999999999999987 1 
0.6399999999999999 0.95999999999999996 
0.67999999999999983 0.91999999999999993 
0.71999999999999975 0.87999999999999989 
0.75999999999999979 0.83999999999999986 
0.79999999999999982 0.79999999999999982 
0.83999999999999986 0.75999999999999979 
0.87999999999999989 0.71999999999999975 
0.91999999999999993 0.67999999999999972 
0.95999999999999996 0.63999999999999968 
1 0.59999999999999964 
0.6399999999999999 1 
0.67999999999999983 0.95999999999999996 
0.71999999999999975 0.91999999999999993 
0.75999999999999979 0.87999999999999989 
0.79999999999999982 0.83999999999999986 
0.83999999999999986 0.79999999999999982 
0.87999999999999989 0.75999999999999979 
0.91999999999999993 0.71999999999999975 
0.95999999999999996 0.67999999999999972 
1 0.63999999999999968 
0.67999999999999994 1 
0.71999999999999975 0.95999999999999996 
0.75999999999999979 0.91999999999999993 
0.79999999999999982 0.87999999999999989 
0.83999999999999986 0.83999999999999986 
0.87999999999999989 0.79999999999999982 
0.91999999999999993 0.75999999999999979 
0.95999999999999996 0.71999999999999975 
1 0.67999999999999972 
0.71999999999999997 1 
0.75999999999999979 0.95999999999999996 
0.79999999999999982 0.91999999999999993 
0.83999999999999986 0.87999999999999989 
0.87999999999999989 0.83999999999999986 
0.91999999999999993 0.79999999999999982 
0.95999999999999996 0.75999999999999979 
1 0.71999999999999975 
0.76000000000000001 1 
0.79999999999999982 0.95999999999999996 
0.83999999999999986 0.91999999999999993 
0.87999999999999989 0.87999999999999989 
0.91999999999999993 0.83999999999999986 
0.95999999999999996 0.79999999999999982 
1 0.75999999999999979 
0.80000000000000004 1 
0.83999999999999986 0.95999999999999996 
0.87999999999999989 0.91999999999999993 
0.91999999999999993 0.87999999999999989 
0.95999999999999996 0.83999999999999986 
1 0.79999999999999982 
0.84000000000000008 1 
0.87999999999999989 0.95999999999999996 
0.91999999999999993 0.91999999999999993 
0.95999999999999996 0.87999999999999989 
1 0.83999999999999986 
0.88000000000000012 1 
0.91999999999999993 0.95999999999999996 
0.95999999999999996 0.91999999999999993 
1 0.87999999999999989 
0.92000000000000015 1 
0.95999999999999996 0.95999999999999996 
1 0.91999999999999993 
0.96000000000000019 1 
1 0.95999999999999996 
1 1 

3 # number of element types

# Type #0

3 vtx # type name


1 # number of vertices per element
4 # number of elements
# Elements
0 
325 
350 
675 

4 # number of geometric entity indices
# Geometric entity indices
0 
1 
2 
3 

# Type #1

3 edg # type name


2 # number of vertices per element
100 # number of elements
# Elements
0 1 
2 0 
1 3 
5 2 
3 6 
9 5 
6 10 
14 9 
10 15 
20 14 
15 21 
27 20 
21 28 
35 27 
28 36 
44 35 
36 45 
54 44 
45 55 
65 54 
55 66 
77 65 
66 78 
90 77 
78 91 
104 90 
91 105 
119 104 
105 120 
135 119 
120 136 
152 135 
136 153 
170 152 
153 171 
189 170 
171 190 
209 189 
190 210 
230 209 
210 231 
252 230 
231 253 
275 252 
253 276 
299 275 
276 300 
324 299 
300 325 
350 324 
325 351 
375 350 
351 376 
399 375 
376 400 
422 399 
400 423 
444 422 
423 445 
465 444 
445 466 
485 465 
466 486 
504 485 
486 505 
522 504 
505 523 
539 522 
523 540 
555 539 
540 556 
570 555 
556 571 
584 570 
571 585 
597 584 
585 598 
609 597 
598 610 
620 609 
610 621 
630 620 
621 631 
639 630 
631 640 
647 639 
640 648 
654 647 
648 655 
660 654 
655 661 
665 660 
661 666 
669 665 
666 670 
672 669 
670 673 
674 672 
673 675 
675 674 

100 # number of geometric entity indices
# Geometric entity indices
0 
1 
0 
1 
0 
1 
0 
1 
0 
1 
0 
1 
0 
1 
0 
1 
0 
1 
0 
1 
0 
1 
0 
1 
0 
1 
0 
1 
0 
1 
0 
1 
0 
1 
0 
1 
0 
1 
0 
1 
0 
1 
0 
1 
0 
1 
0 
1 
0 
1 
2 
3 
2 
3 
2 
3 
2 
3 
2 
3 
2 
3 
2 
3 
2 
3 
2 
3 
2 
3 
2 
3 
2 
3 
2 
3 
2 
3 
2 
3 
2 
3 
2 
3 
2 
3 
2 
3 
2 
3 
2 
3 
2 
3 
2 
3 
2 
3 
2 
3 

# Type #2

4 quad # type name


4 # number of vertices per element
625 # number of elements
# Elements
0 2 1 4 
1 4 3 7 
2 5 4 8 
3 7 6 11 
4 8 7 12 
5 9 8 13 
6 11 10 16 
7 12 11 17 
8 13 12 18 
9 14 13 19 
10 16 15 22 
11 17 16 23 
12 18 17 24 
13 19 18 25 
14 20 19 26 
15 22 21 29 
16 23 22 30 
17 24 23 31 
18 25 24 32 
19 26 25 33 
20 27 26 34 
21 29 28 37 
22 30 29 38 
23 31 30 39 
24 32 31 40 
25 33 32 41 
26 34 33 42 
27 35 34 43 
28 37 36 46 
29 38 37 47 
30 39 38 48 
31 40 39 49 
32 41 40 50 
33 42 41 51 
34 43 42 52 
35 44 43 53 
36 46 45 56 
37 47 46 57 
38 48 47 58 
39 49 48 59 
40 50 49 60 
41 51 50 61 
42 52 51 62 
43 53 52 63 
44 54 53 64 
45 56 55 67 
46 57 56 68 
47 58 57 69 
48 59 58 70 
49 60 59 71 
50 61 60 72 
51 62 61 73 
52 63 62 74 
53 64 63 75 
54 65 64 76 
55 67 66 79 
56 68 67 80 
57 69 68 81 
58 70 69 82 
59 71 70 83 
60 72 71 84 
61 73 72 85 
62 74 73 86 
63 75 74 87 
64 76 75 88 
65 77 76 89 
66 79 78 92 
67 80 79 93 
68 81 80 94 
69 82 81 95 
70 83 82 96 
71 84 83 97 
72 85 84 98 
73 86 85 99 
74 87 86 100 
75 88 87 101 
76 89 88 102 
77 90 89 103 
78 92 91 106 
79 93 92 107 
80 94 93 108 
81 95 94 109 
82 96 95 110 
83 97 96 111 
84 98 97 112 
85 99 98 113 
86 100 99 114 
87 101 100 115 
88 102 101 116 
89 103 102 117 
90 104 103 118 
91 106 105 121 
92 107 106 122 
93 108 107 123 
94 109 108 124 
95 110 109 125 
96 111 110 126 
97 112 111 127 
98 113 112 128 
99 114 113 129 
100 115 114 130 
101 116 115 131 
102 117 116 132 
103 118 117 133 
104 119 118 134 
105 121 120 137 
106 122 121 138 
107 123 122 139 
108 124 123 140 
109 125 124 141 
110 126 125 142 
111 127 126 143 
112 128 127 144 
113 129 128 145 
114 130 129 146 
115 131 130 147 
116 132 131 148 
117 133 132 149 
118 134 133 150 
119 135 134 151 
120 137 136 154 
121 138 137 155 
122 139 138 156 
123 140 139 157 
124 141 140 158 
125 142 141 159 
126 143 142 160 
127 144 143 161 
128 145 144 162 
129 146 145 163 
130 147 146 164 
131 148 147 165 
132 149 148 166 
133 150 149 167 
134 151 150 168 
135 152 151 169 
136 154 153 172 
137 155 154 173 
138 156 155 174 
139 157 156 175 
140 158 157 176 
141 159 158 177 
142 160 159 178 
143 161 160 179 
144 162 161 180 
145 163 162 181 
146 164 163 182 
147 165 164 183 
148 166 165 184 
149 167 166 185 
150 168 167 186 
151 169 168 187 
152 170 169 188 
153 172 171 191 
154 173 172 192 
155 174 173 193 
156 175 174 194 
157 176 175 195 
158 177 176 196 
159 178 177 197 
160 179 178 198 
161 180 179 199 
162 181 180 200 
163 182 181 201 
164 183 182 202 
165 184 183 203 
166 185 184 204 
167 186 185 205 
168 187 186 206 
169 188 187 207 
170 189 188 208 
171 191 190 211 
172 192 191 212 
173 193 192 213 
174 194 193 214 
175 195 194 215 
176 196 195 216 
177 197 196 217 
178 198 197 218 
179 199 198 219 
180 200 199 220 
181 201 200 221 
182 202 201 222 
183 203 202 223 
184 204 203 224 
185 205 204 225 
186 206 205 226 
187 207 206 227 
188 208 207 228 
189 209 208 229 
190 211 210 232 
191 212 211 233 
192 213 212 234 
193 214 213 235 
194 215 214 236 
195 216 215 237 
196 217 216 238 
197 218 217 239 
198 219 218 240 
199 220 219 241 
200 221 220 242 
201 222 221 243 
202 223 222 244 
203 224 223 245 
204 225 224 246 
205 226 225 247 
206 227 226 248 
207 228 227 249 
208 229 228 250 
209 230 229 251 
210 232 231 254 
211 233 232 255 
212 234 233 256 
213 235 234 257 
214 236 235 258 
215 237 236 259 
216 238 237 260 
217 239 238 261 
218 240 239 262 
219 241 240 263 
220 242 241 264 
221 243 242 265 
222 244 243 266 
223 245 244 267 
224 246 245 268 
225 247 246 269 
226 248 247 270 
227 249 248 271 
228 250 249 272 
229 251 250 273 
230 252 251 274 
231 254 253 277 
232 255 254 278 
233 256 255 279 
234 257 256 280 
235 258 257 281 
236 259 258 282 
237 260 259 283 
238 261 260 284 
239 262 261 285 
240 263 262 286 
241 264 263 287 
242 265 264 288 
243 266 265 289 
244 267 266 290 
245 268 267 291 
246 269 268 292 
247 270 269 293 
248 271 270 294 
249 272 271 295 
250 273 272 296 
251 274 273 297 
252 275 274 298 
253 277 276 301 
254 278 277 302 
255 279 278 303 
256 280 279 304 
257 281 280 305 
258 282 281 306 
259 283 282 307 
260 284 283 308 
261 285 284 309 
262 286 285 310 
263 287 286 311 
264 288 287 312 
265 289 288 313 
266 290 289 314 
267 291 290 315 
268 292 291 316 
269 293 292 317 
270 294 293 318 
271 295 294 319 
272 296 295 320 
273 297 296 321 
274 298 297 322 
275 299 298 323 
276 301 300 326 
277 302 301 327 
278 303 302 328 
279 304 303 329 
280 305 304 330 
281 306 305 331 
282 307 306 332 
283 308 307 333 
284 309 308 334 
285 310 309 335 
286 311 310 336 
287 312 311 337 
288 313 312 338 
289 314 313 339 
290 315 314 340 
291 316 315 341 
292 317 316 342 
293 318 317 343 
294 319 318 344 
295 320 319 345 
296 321 320 346 
297 322 321 347 
298 323 322 348 
299 324 323 349 
300 326 325 351 
301 327 326 352 
302 328 327 353 
303 329 328 354 
304 330 329 355 
305 331 330 356 
306 332 331 357 
307 333 332 358 
308 334 333 359 
309 335 334 360 
310 336 335 361 
311 337 336 362 
312 338 337 363 
313 339 338 364 
314 340 339 365 
315 341 340 366 
316 342 341 367 
317 343 342 368 
318 344 343 369 
319 345 344 370 
320 346 345 371 
321 347 346 372 
322 348 347 373 
323 349 348 374 
324 350 349 375 
326 352 351 376 
327 353 352 377 
328 354 353 378 
329 355 354 379 
330 356 355 380 
331 357 356 381 
332 358 357 382 
333 359 358 383 
334 360 359 384 
335 361 360 385 
336 362 361 386 
337 363 362 387 
338 364 363 388 
339 365 364 389 
340 366 365 390 
341 367 366 391 
342 368 367 392 
343 369 368 393 
344 370 369 394 
345 371 370 395 
346 372 371 396 
347 373 372 397 
348 374 373 398 
349 375 374 399 
352 377 376 400 
353 378 377 401 
354 379 378 402 
355 380 379 403 
356 381 380 404 
357 382 381 405 
358 383 382 406 
359 384 383 407 
360 385 384 408 
361 386 385 409 
362 387 386 410 
363 388 387 411 
364 389 388 412 
365 390 389 413 
366 391 390 414 
367 392 391 415 
368 393 392 416 
369 394 393 417 
370 395 394 418 
371 396 395 419 
372 397 396 420 
373 398 397 421 
374 399 398 422 
377 401 400 423 
378 402 401 424 
379 403 402 425 
380 404 403 426 
381 405 404 427 
382 406 405 428 
383 407 406 429 
384 408 407 430 
385 409 408 431 
386 410 409 432 
387 411 410 433 
388 412 411 434 
389 413 412 435 
390 414 413 436 
391 415 414 437 
392 416 415 438 
393 417 416 439 
394 418 417 440 
395 419 418 441 
396 420 419 442 
397 421 420 443 
398 422 421 444 
401 424 423 445 
402 425 424 446 
403 426 425 447 
404 427 426 448 
405 428 427 449 
406 429 428 450 
407 430 429 451 
408 431 430 452 
409 432 431 453 
410 433 432 454 
411 434 433 455 
412 435 434 456 
413 436 435 457 
414 437 436 458 
415 438 437 459 
416 439 438 460 
417 440 439 461 
418 441 440 462 
419 442 441 463 
420 443 442 464 
421 444 443 465 
424 446 445 466 
425 447 446 467 
426 448 447 468 
427 449 448 469 
428 450 449 470 
429 451 450 471 
430 452 451 472 
431 453 452 473 
432 454 453 474 
433 455 454 475 
434 456 455 476 
435 457 456 477 
436 458 457 478 
437 459 458 479 
438 460 459 480 
439 461 460 481 
440 462 461 482 
441 463 462 483 
442 464 463 484 
443 465 464 485 
446 467 466 486 
447 468 467 487 
448 469 468 488 
449 470 469 489 
450 471 470 490 
451 472 471 491 
452 473 472 492 
453 474 473 493 
454 475 474 494 
455 476 475 495 
456 477 476 496 
457 478 477 497 
458 479 478 498 
459 480 479 499 
460 481 480 500 
461 482 481 501 
462 483 482 502 
463 484 483 503 
464 485 484 504 
467 487 486 505 
468 488 487 506 
469 489 488 507 
470 490 489 508 
471 491 490 509 
472 492 491 510 
473 493 492 511 
474 494 493 512 
475 495 494 513 
476 496 495 514 
477 497 496 515 
478 498 497 516 
479 499 498 517 
480 500 499 518 
481 501 500 519 
482 502 501 520 
483 503 502 521 
484 504 503 522 
487 506 505 523 
488 507 506 524 
489 508 507 525 
490 509 508 526 
491 510 509 527 
492 511 510 528 
493 512 511 529 
494 513 512 530 
495 514 513 531 
496 515 514 532 
497 516 515 533 
498 517 516 534 
499 518 517 535 
500 519 518 536 
501 520 519 537 
502 521 520 538 
503 522 521 539 
506 524 523 540 
507 525 524 541 
508 526 525 542 
509 527 526 543 
510 528 527 544 
511 529 528 545 
512 530 529 546 
513 531 530 547 
514 532 531 548 
515 533 532 549 
516 534 533 550 
517 535 534 551 
518 536 535 552 
519 537 536 553 
520 538 537 554 
521 539 538 555 
524 541 540 556 
525 542 541 557 
526 543 542 558 
527 544 543 559 
528 545 544 560 
529 546 545 561 
530 547 546 562 
531 548 547 563 
532 549 548 564 
533 550 549 565 
534 551 550 566 
535 552 551 567 
536 553 552 568 
537 554 553 569 
538 555 554 570 
541 557 556 571 
542 558 557 572 
543 559 558 573 
544 560 559 574 
545 561 560 575 
546 562 561 576 
547 563 562 577 
548 564 563 578 
549 565 564 579 
550 566 565 580 
551 567 566 581 
552 568 567 582 
553 569 568 583 
554 570 569 584 
557 572 571 585 
558 573 572 586 
559 574 573 587 
560 575 574 588 
561 576 575 589 
562 577 576 590 
563 578 577 591 
564 579 578 592 
565 580 579 593 
566 581 580 594 
567 582 581 595 
568 583 582 596 
569 584 583 597 
572 586 585 598 
573 587 586 599 
574 588 587 600 
575 589 588 601 
576 590 589 602 
577 591 590 603 
578 592 591 604 
579 593 592 605 
580 594 593 606 
581 595 594 607 
582 596 595 608 
583 597 596 609 
586 599 598 610 
587 600 599 611 
588 601 600 612 
589 602 601 613 
590 603 602 614 
591 604 603 615 
592 605 604 616 
593 606 605 617 
594 607 606 618 
595 608 607 619 
596 609 608 620 
599 611 610 621 
600 612 611 622 
601 613 612 623 
602 614 613 624 
603 615 614 625 
604 616 615 626 
605 617 616 627 
606 618 617 628 
607 619 618 629 
608 620 619 630 
611 622 621 631 
612 623 622 632 
613 624 623 633 
614 625 624 634 
615 626 625 635 
616 627 626 636 
617 628 627 637 
618 629 628 638 
619 630 629 639 
622 632 631 640 
623 633 632 641 
624 634 633 642 
625 635 634 643 
626 636 635 644 
627 637 636 645 
628 638 637 646 
629 639 638 647 
632 641 640 648 
633 642 641 649 
634 643 642 650 
635 644 643 651 
636 645 644 652 
637 646 645 653 
638 647 646 654 
641 649 648 655 
642 650 649 656 
643 651 650 657 
644 652 651 658 
645 653 652 659 
646 654 653 660 
649 656 655 661 
650 657 656 662 
651 658 657 663 
652 659 658 664 
653 660 659 665 
656 662 661 666 
657 663 662 667 
658 664 663 668 
659 665 664 669 
662 667 666 670 
663 668 667 671 
664 669 668 672 
667 671 670 673 
668 672 671 674 
671 674 673 675 

625 # number of geometric entity indices
# Geometric entity indices
1 
1 
1 
1 
1 
1 
1 
1 
1 
1 
1 
1 
1 
1 
1 
1 
1 
1 
1 
1 
1 
1 
1 
1 
1 
1 
1 
1 
1 
1 
1 
1 
1 
1 
1 
1 
1 
1 
1 
1 
1 
1 
1 
1 
1 
1 
1 
1 
1 
1 
1 
1 
1 
1 
1 
1 
1 
1 
1 
1 
1 
1 
1 
1 
1 
1 
1 
1 
1 
1 
1 
1 
1 
1 
1 
1 
1 
1 
1 
1 
1 
1 
1 
1 
1 
1 
1 
1 
1 
1 
1 
1 
1 
1 
1 
1 
1 
1 
1 
1 
1 
1 
1 
1 
1 
1 
1 
1 
1 
1 
1 
1 
1 
1 
1 
1 
1 
1 
1 
1 
1 
1 
1 
1 
1 
1 
1 
1 
1 
1 
1 
1 
1 
1 
1 
1 
1 
1 
1 
1 
1 
1 
1 
1 
1 
1 
1 
1 
1 
1 
1 
1 
1 
1 
1 
1 
1 
1 
1 
1 
1 
1 
1 
1 
1 
1 
1 
1 
1 
1 
1 
1 
1 
1 
1 
1 
1 
1 
1 
1 
1 
1 
1 
1 
1 
1 
1 
1 
1 
1 
1 
1 
1 
1 
1 
1 
1 
1 
1 
1 
1 
1 
1 
1 
1 
1 
1 
1 
1 
1 
1 
1 
1 
1 
1 
1 
1 
1 
1 
1 
1 
1 
1 
1 
1 
1 
1 
1 
1 
1 
1 
1 
1 
1 
1 
1 
1 
1 
1 
1 
1 
1 
1 
1 
1 
1 
1 
1 
1 
1 
1 
1 
1 
1 
1 
1 
1 
1 
1 
1 
1 
1 
1 
1 
1 
1 
1 
1 
1 
1 
1 
1 
1 
1 
1 
1 
1 
1 
1 
1 
1 
1 
1 
1 
1 
1 
1 
1 
1 
1 
1 
1 
1 
1 
1 
1 
1 
1 
1 
1 
1 
1 
1 
1 
1 
1 
1 
1 
1 
1 
1 
1 
1 
1 
1 
1 
1 
1 
1 
1 
1 
1 
1 
1 
1 
1 
1 
1 
1 
1 
1 
1 
1 
1 
1 
1 
1 
1 
1 
1 
1 
1 
1 
1 
1 
1 
1 
1 
1 
1 
1 
1 
1 
1 
1 
1 
1 
1 
1 
1 
1 
1 
1 
1 
1 
1 
1 
1 
1 
1 
1 
1 
1 
1 
1 
1 
1 
1 
1 
1 
1 
1 
1 
1 
1 
1 
1 
1 
1 
1 
1 
1 
1 
1 
1 
1 
1 
1 
1 
1 
1 
1 
1 
1 
1 
1 
1 
1 
1 
1 
1 
1 
1 
1 
1 
1 
1 
1 
1 
1 
1 
1 
1 
1 
1 
1 
1 
1 
1 
1 
1 
1 
1 
1 
1 
1 
1 
1 
1 
1 
1 
1 
1 
1 
1 
1 
1 
1 
1 
1 
1 
1 
1 
1 
1 
1 
1 
1 
1 
1 
1 
1 
1 
1 
1 
1 
1 
1 
1 
1 
1 
1 
1 
1 
1 
1 
1 
1 
1 
1 
1 
1 
1 
1 
1 
1 
1 
1 
1 
1 
1 
1 
1 
1 
1 
1 
1 
1 
1 
1 
1 
1 
1 
1 
1 
1 
1 
1 
1 
1 
1 
1 
1 
1 
1 
1 
1 
1 
1 
1 
1 
1 
1 
1 
1 
1 
1 
1 
1 
1 
1 
1 
1 
1 
1 
1 
1 
1 
1 
1 
1 
1 
1 
1 
1 
1 
1 
1 
1 
1 
1 
1 
1 
1 
1 
1 
1 
1 
1 
1 
1 
1 
1 
1 
1 
1 
1 
1 
1 
1 
1 
1 
1 
1 
1 
1 
1 
1 
1 
1 
1 
1 
1 
1 
1 
1 
1 
1 
1 
1 
1 
1 
1 
1 
1 
1 
1 
1 
1 
1 
1 
1 
1 
1 
1 
1 
1 
1 
1 
1 
1 
1 
1 
1 
1 
1 
1 
1 
1 
1 
1 
1 
1 
1 
1 
